(kicad_pcb (version 20171130) (host pcbnew 5.0.2-bee76a0~70~ubuntu18.04.1)

  (general
    (thickness 1.6)
    (drawings 9)
    (tracks 162)
    (zones 0)
    (modules 86)
    (nets 86)
  )

  (page A4)
  (layers
    (0 F.Cu signal)
    (31 B.Cu signal)
    (32 B.Adhes user hide)
    (33 F.Adhes user hide)
    (34 B.Paste user)
    (35 F.Paste user)
    (36 B.SilkS user hide)
    (37 F.SilkS user hide)
    (38 B.Mask user)
    (39 F.Mask user)
    (40 Dwgs.User user)
    (41 Cmts.User user)
    (42 Eco1.User user)
    (43 Eco2.User user)
    (44 Edge.Cuts user)
    (45 Margin user)
    (46 B.CrtYd user)
    (47 F.CrtYd user)
    (48 B.Fab user hide)
    (49 F.Fab user hide)
  )

  (setup
    (last_trace_width 0.2032)
    (trace_clearance 0.1524)
    (zone_clearance 0.508)
    (zone_45_only no)
    (trace_min 0.1524)
    (segment_width 0.2)
    (edge_width 0.15)
    (via_size 0.508)
    (via_drill 0.254)
    (via_min_size 0.508)
    (via_min_drill 0.254)
    (uvia_size 0.3)
    (uvia_drill 0.1)
    (uvias_allowed no)
    (uvia_min_size 0.2)
    (uvia_min_drill 0.1)
    (pcb_text_width 0.3)
    (pcb_text_size 1.5 1.5)
    (mod_edge_width 0.15)
    (mod_text_size 1 1)
    (mod_text_width 0.15)
    (pad_size 1.7 1.7)
    (pad_drill 1)
    (pad_to_mask_clearance 0.0508)
    (solder_mask_min_width 0.25)
    (aux_axis_origin 0 0)
    (visible_elements FFFFFF7F)
    (pcbplotparams
      (layerselection 0x010fc_ffffffff)
      (usegerberextensions false)
      (usegerberattributes false)
      (usegerberadvancedattributes false)
      (creategerberjobfile false)
      (excludeedgelayer true)
      (linewidth 0.100000)
      (plotframeref false)
      (viasonmask false)
      (mode 1)
      (useauxorigin false)
      (hpglpennumber 1)
      (hpglpenspeed 20)
      (hpglpendiameter 15.000000)
      (psnegative false)
      (psa4output false)
      (plotreference true)
      (plotvalue true)
      (plotinvisibletext false)
      (padsonsilk false)
      (subtractmaskfromsilk false)
      (outputformat 1)
      (mirror false)
      (drillshape 0)
      (scaleselection 1)
      (outputdirectory "plots/"))
  )

  (net 0 "")
  (net 1 GND)
  (net 2 3V3)
  (net 3 "Net-(J1-Pad15)")
  (net 4 "Net-(J1-Pad13)")
  (net 5 "Net-(J1-Pad11)")
  (net 6 "Net-(J1-Pad9)")
  (net 7 "Net-(J1-Pad7)")
  (net 8 "Net-(J1-Pad5)")
  (net 9 "Net-(J1-Pad3)")
  (net 10 "Net-(J1-Pad1)")
  (net 11 "Net-(J2-Pad15)")
  (net 12 "Net-(J2-Pad13)")
  (net 13 "Net-(J2-Pad11)")
  (net 14 "Net-(J2-Pad9)")
  (net 15 "Net-(J2-Pad7)")
  (net 16 "Net-(J2-Pad5)")
  (net 17 "Net-(J2-Pad3)")
  (net 18 "Net-(J2-Pad1)")
  (net 19 "Net-(J3-Pad1)")
  (net 20 "Net-(J3-Pad3)")
  (net 21 "Net-(J3-Pad5)")
  (net 22 "Net-(J3-Pad7)")
  (net 23 "Net-(J3-Pad9)")
  (net 24 "Net-(J3-Pad11)")
  (net 25 "Net-(J3-Pad13)")
  (net 26 "Net-(J3-Pad15)")
  (net 27 "Net-(J4-Pad1)")
  (net 28 "Net-(J4-Pad3)")
  (net 29 "Net-(J4-Pad5)")
  (net 30 "Net-(J4-Pad7)")
  (net 31 "Net-(J4-Pad9)")
  (net 32 "Net-(J4-Pad11)")
  (net 33 "Net-(J4-Pad13)")
  (net 34 "Net-(J4-Pad15)")
  (net 35 SCL)
  (net 36 SDA)
  (net 37 "Net-(J9-Pad1)")
  (net 38 "Net-(J9-Pad3)")
  (net 39 "Net-(J9-Pad5)")
  (net 40 "Net-(J9-Pad7)")
  (net 41 "Net-(J9-Pad9)")
  (net 42 "Net-(J9-Pad11)")
  (net 43 "Net-(J9-Pad13)")
  (net 44 "Net-(J9-Pad15)")
  (net 45 "Net-(R1-Pad2)")
  (net 46 "Net-(R2-Pad2)")
  (net 47 "Net-(R3-Pad2)")
  (net 48 "Net-(R5-Pad2)")
  (net 49 "Net-(R6-Pad1)")
  (net 50 "Net-(R7-Pad2)")
  (net 51 "Net-(R8-Pad2)")
  (net 52 "Net-(R10-Pad2)")
  (net 53 "Net-(R11-Pad1)")
  (net 54 "Net-(R13-Pad1)")
  (net 55 "Net-(U1-Pad6)")
  (net 56 "Net-(U2-Pad6)")
  (net 57 "Net-(U3-Pad6)")
  (net 58 "Net-(U4-Pad6)")
  (net 59 "Net-(U5-Pad6)")
  (net 60 "Net-(A1-Pad1)")
  (net 61 "Net-(A1-Pad17)")
  (net 62 "Net-(A1-Pad2)")
  (net 63 "Net-(A1-Pad18)")
  (net 64 "Net-(A1-Pad3)")
  (net 65 "Net-(A1-Pad19)")
  (net 66 "Net-(A1-Pad20)")
  (net 67 "Net-(A1-Pad5)")
  (net 68 "Net-(A1-Pad21)")
  (net 69 "Net-(A1-Pad22)")
  (net 70 "Net-(A1-Pad23)")
  (net 71 "Net-(A1-Pad8)")
  (net 72 "Net-(A1-Pad24)")
  (net 73 "Net-(A1-Pad9)")
  (net 74 "Net-(A1-Pad25)")
  (net 75 "Net-(A1-Pad10)")
  (net 76 "Net-(A1-Pad26)")
  (net 77 "Net-(A1-Pad11)")
  (net 78 "Net-(A1-Pad27)")
  (net 79 "Net-(A1-Pad12)")
  (net 80 "Net-(A1-Pad28)")
  (net 81 "Net-(A1-Pad13)")
  (net 82 "Net-(A1-Pad14)")
  (net 83 "Net-(A1-Pad30)")
  (net 84 "Net-(A1-Pad15)")
  (net 85 "Net-(A1-Pad16)")

  (net_class Default "This is the default net class."
    (clearance 0.1524)
    (trace_width 0.2032)
    (via_dia 0.508)
    (via_drill 0.254)
    (uvia_dia 0.3)
    (uvia_drill 0.1)
    (add_net "Net-(A1-Pad1)")
    (add_net "Net-(A1-Pad10)")
    (add_net "Net-(A1-Pad11)")
    (add_net "Net-(A1-Pad12)")
    (add_net "Net-(A1-Pad13)")
    (add_net "Net-(A1-Pad14)")
    (add_net "Net-(A1-Pad15)")
    (add_net "Net-(A1-Pad16)")
    (add_net "Net-(A1-Pad17)")
    (add_net "Net-(A1-Pad18)")
    (add_net "Net-(A1-Pad19)")
    (add_net "Net-(A1-Pad2)")
    (add_net "Net-(A1-Pad20)")
    (add_net "Net-(A1-Pad21)")
    (add_net "Net-(A1-Pad22)")
    (add_net "Net-(A1-Pad23)")
    (add_net "Net-(A1-Pad24)")
    (add_net "Net-(A1-Pad25)")
    (add_net "Net-(A1-Pad26)")
    (add_net "Net-(A1-Pad27)")
    (add_net "Net-(A1-Pad28)")
    (add_net "Net-(A1-Pad3)")
    (add_net "Net-(A1-Pad30)")
    (add_net "Net-(A1-Pad5)")
    (add_net "Net-(A1-Pad8)")
    (add_net "Net-(A1-Pad9)")
    (add_net "Net-(J1-Pad1)")
    (add_net "Net-(J1-Pad11)")
    (add_net "Net-(J1-Pad13)")
    (add_net "Net-(J1-Pad15)")
    (add_net "Net-(J1-Pad3)")
    (add_net "Net-(J1-Pad5)")
    (add_net "Net-(J1-Pad7)")
    (add_net "Net-(J1-Pad9)")
    (add_net "Net-(J2-Pad1)")
    (add_net "Net-(J2-Pad11)")
    (add_net "Net-(J2-Pad13)")
    (add_net "Net-(J2-Pad15)")
    (add_net "Net-(J2-Pad3)")
    (add_net "Net-(J2-Pad5)")
    (add_net "Net-(J2-Pad7)")
    (add_net "Net-(J2-Pad9)")
    (add_net "Net-(J3-Pad1)")
    (add_net "Net-(J3-Pad11)")
    (add_net "Net-(J3-Pad13)")
    (add_net "Net-(J3-Pad15)")
    (add_net "Net-(J3-Pad3)")
    (add_net "Net-(J3-Pad5)")
    (add_net "Net-(J3-Pad7)")
    (add_net "Net-(J3-Pad9)")
    (add_net "Net-(J4-Pad1)")
    (add_net "Net-(J4-Pad11)")
    (add_net "Net-(J4-Pad13)")
    (add_net "Net-(J4-Pad15)")
    (add_net "Net-(J4-Pad3)")
    (add_net "Net-(J4-Pad5)")
    (add_net "Net-(J4-Pad7)")
    (add_net "Net-(J4-Pad9)")
    (add_net "Net-(J9-Pad1)")
    (add_net "Net-(J9-Pad11)")
    (add_net "Net-(J9-Pad13)")
    (add_net "Net-(J9-Pad15)")
    (add_net "Net-(J9-Pad3)")
    (add_net "Net-(J9-Pad5)")
    (add_net "Net-(J9-Pad7)")
    (add_net "Net-(J9-Pad9)")
    (add_net "Net-(R1-Pad2)")
    (add_net "Net-(R10-Pad2)")
    (add_net "Net-(R11-Pad1)")
    (add_net "Net-(R13-Pad1)")
    (add_net "Net-(R2-Pad2)")
    (add_net "Net-(R3-Pad2)")
    (add_net "Net-(R5-Pad2)")
    (add_net "Net-(R6-Pad1)")
    (add_net "Net-(R7-Pad2)")
    (add_net "Net-(R8-Pad2)")
    (add_net "Net-(U1-Pad6)")
    (add_net "Net-(U2-Pad6)")
    (add_net "Net-(U3-Pad6)")
    (add_net "Net-(U4-Pad6)")
    (add_net "Net-(U5-Pad6)")
    (add_net SCL)
    (add_net SDA)
  )

  (net_class Power ""
    (clearance 0.1524)
    (trace_width 0.254)
    (via_dia 0.508)
    (via_drill 0.254)
    (uvia_dia 0.3)
    (uvia_drill 0.1)
    (add_net 3V3)
    (add_net GND)
  )

  (module Capacitor_SMD:C_1210_3225Metric_Pad1.42x2.65mm_HandSolder (layer F.Cu) (tedit 5B301BBE) (tstamp 5C4CD0C0)
    (at 219.71 115.8605 270)
    (descr "Capacitor SMD 1210 (3225 Metric), square (rectangular) end terminal, IPC_7351 nominal with elongated pad for handsoldering. (Body size source: http://www.tortai-tech.com/upload/download/2011102023233369053.pdf), generated with kicad-footprint-generator")
    (tags "capacitor handsolder")
    (path /5C17FAAC)
    (attr smd)
    (fp_text reference C3 (at 0 -2.28 270) (layer F.SilkS)
      (effects (font (size 1 1) (thickness 0.15)))
    )
    (fp_text value "0.1U CERAMIC" (at 0 2.28 270) (layer F.Fab)
      (effects (font (size 1 1) (thickness 0.15)))
    )
    (fp_line (start -1.6 1.25) (end -1.6 -1.25) (layer F.Fab) (width 0.1))
    (fp_line (start -1.6 -1.25) (end 1.6 -1.25) (layer F.Fab) (width 0.1))
    (fp_line (start 1.6 -1.25) (end 1.6 1.25) (layer F.Fab) (width 0.1))
    (fp_line (start 1.6 1.25) (end -1.6 1.25) (layer F.Fab) (width 0.1))
    (fp_line (start -0.602064 -1.36) (end 0.602064 -1.36) (layer F.SilkS) (width 0.12))
    (fp_line (start -0.602064 1.36) (end 0.602064 1.36) (layer F.SilkS) (width 0.12))
    (fp_line (start -2.45 1.58) (end -2.45 -1.58) (layer F.CrtYd) (width 0.05))
    (fp_line (start -2.45 -1.58) (end 2.45 -1.58) (layer F.CrtYd) (width 0.05))
    (fp_line (start 2.45 -1.58) (end 2.45 1.58) (layer F.CrtYd) (width 0.05))
    (fp_line (start 2.45 1.58) (end -2.45 1.58) (layer F.CrtYd) (width 0.05))
    (fp_text user %R (at 0 0 270) (layer F.Fab)
      (effects (font (size 0.8 0.8) (thickness 0.12)))
    )
    (pad 1 smd roundrect (at -1.4875 0 270) (size 1.425 2.65) (layers F.Cu F.Paste F.Mask) (roundrect_rratio 0.175439)
      (net 2 3V3))
    (pad 2 smd roundrect (at 1.4875 0 270) (size 1.425 2.65) (layers F.Cu F.Paste F.Mask) (roundrect_rratio 0.175439)
      (net 1 GND))
    (model ${KISYS3DMOD}/Capacitor_SMD.3dshapes/C_1210_3225Metric.wrl
      (at (xyz 0 0 0))
      (scale (xyz 1 1 1))
      (rotate (xyz 0 0 0))
    )
  )

  (module Capacitor_SMD:C_1210_3225Metric_Pad1.42x2.65mm_HandSolder (layer F.Cu) (tedit 5B301BBE) (tstamp 5C4C38F3)
    (at 230.886 115.7875 270)
    (descr "Capacitor SMD 1210 (3225 Metric), square (rectangular) end terminal, IPC_7351 nominal with elongated pad for handsoldering. (Body size source: http://www.tortai-tech.com/upload/download/2011102023233369053.pdf), generated with kicad-footprint-generator")
    (tags "capacitor handsolder")
    (path /5C1842C0)
    (attr smd)
    (fp_text reference C4 (at 0 -2.28 270) (layer F.SilkS)
      (effects (font (size 1 1) (thickness 0.15)))
    )
    (fp_text value "0.1U CERAMIC" (at 0 2.28 270) (layer F.Fab)
      (effects (font (size 1 1) (thickness 0.15)))
    )
    (fp_text user %R (at 0 0 270) (layer F.Fab)
      (effects (font (size 0.8 0.8) (thickness 0.12)))
    )
    (fp_line (start 2.45 1.58) (end -2.45 1.58) (layer F.CrtYd) (width 0.05))
    (fp_line (start 2.45 -1.58) (end 2.45 1.58) (layer F.CrtYd) (width 0.05))
    (fp_line (start -2.45 -1.58) (end 2.45 -1.58) (layer F.CrtYd) (width 0.05))
    (fp_line (start -2.45 1.58) (end -2.45 -1.58) (layer F.CrtYd) (width 0.05))
    (fp_line (start -0.602064 1.36) (end 0.602064 1.36) (layer F.SilkS) (width 0.12))
    (fp_line (start -0.602064 -1.36) (end 0.602064 -1.36) (layer F.SilkS) (width 0.12))
    (fp_line (start 1.6 1.25) (end -1.6 1.25) (layer F.Fab) (width 0.1))
    (fp_line (start 1.6 -1.25) (end 1.6 1.25) (layer F.Fab) (width 0.1))
    (fp_line (start -1.6 -1.25) (end 1.6 -1.25) (layer F.Fab) (width 0.1))
    (fp_line (start -1.6 1.25) (end -1.6 -1.25) (layer F.Fab) (width 0.1))
    (pad 2 smd roundrect (at 1.4875 0 270) (size 1.425 2.65) (layers F.Cu F.Paste F.Mask) (roundrect_rratio 0.175439)
      (net 1 GND))
    (pad 1 smd roundrect (at -1.4875 0 270) (size 1.425 2.65) (layers F.Cu F.Paste F.Mask) (roundrect_rratio 0.175439)
      (net 2 3V3))
    (model ${KISYS3DMOD}/Capacitor_SMD.3dshapes/C_1210_3225Metric.wrl
      (at (xyz 0 0 0))
      (scale (xyz 1 1 1))
      (rotate (xyz 0 0 0))
    )
  )

  (module Capacitor_SMD:C_1210_3225Metric_Pad1.42x2.65mm_HandSolder (layer F.Cu) (tedit 5B301BBE) (tstamp 5C57FDB9)
    (at 244.5655 103.886 180)
    (descr "Capacitor SMD 1210 (3225 Metric), square (rectangular) end terminal, IPC_7351 nominal with elongated pad for handsoldering. (Body size source: http://www.tortai-tech.com/upload/download/2011102023233369053.pdf), generated with kicad-footprint-generator")
    (tags "capacitor handsolder")
    (path /5C17FA96)
    (attr smd)
    (fp_text reference C6 (at 0 -2.28 180) (layer F.SilkS)
      (effects (font (size 1 1) (thickness 0.15)))
    )
    (fp_text value "0.1U CERAMIC" (at 0 2.28 180) (layer F.Fab)
      (effects (font (size 1 1) (thickness 0.15)))
    )
    (fp_line (start -1.6 1.25) (end -1.6 -1.25) (layer F.Fab) (width 0.1))
    (fp_line (start -1.6 -1.25) (end 1.6 -1.25) (layer F.Fab) (width 0.1))
    (fp_line (start 1.6 -1.25) (end 1.6 1.25) (layer F.Fab) (width 0.1))
    (fp_line (start 1.6 1.25) (end -1.6 1.25) (layer F.Fab) (width 0.1))
    (fp_line (start -0.602064 -1.36) (end 0.602064 -1.36) (layer F.SilkS) (width 0.12))
    (fp_line (start -0.602064 1.36) (end 0.602064 1.36) (layer F.SilkS) (width 0.12))
    (fp_line (start -2.45 1.58) (end -2.45 -1.58) (layer F.CrtYd) (width 0.05))
    (fp_line (start -2.45 -1.58) (end 2.45 -1.58) (layer F.CrtYd) (width 0.05))
    (fp_line (start 2.45 -1.58) (end 2.45 1.58) (layer F.CrtYd) (width 0.05))
    (fp_line (start 2.45 1.58) (end -2.45 1.58) (layer F.CrtYd) (width 0.05))
    (fp_text user %R (at 0 0 180) (layer F.Fab)
      (effects (font (size 0.8 0.8) (thickness 0.12)))
    )
    (pad 1 smd roundrect (at -1.4875 0 180) (size 1.425 2.65) (layers F.Cu F.Paste F.Mask) (roundrect_rratio 0.175439)
      (net 1 GND))
    (pad 2 smd roundrect (at 1.4875 0 180) (size 1.425 2.65) (layers F.Cu F.Paste F.Mask) (roundrect_rratio 0.175439)
      (net 2 3V3))
    (model ${KISYS3DMOD}/Capacitor_SMD.3dshapes/C_1210_3225Metric.wrl
      (at (xyz 0 0 0))
      (scale (xyz 1 1 1))
      (rotate (xyz 0 0 0))
    )
  )

  (module Capacitor_SMD:C_1210_3225Metric_Pad1.42x2.65mm_HandSolder (layer F.Cu) (tedit 5B301BBE) (tstamp 5C4CC69F)
    (at 223.266 115.8605 90)
    (descr "Capacitor SMD 1210 (3225 Metric), square (rectangular) end terminal, IPC_7351 nominal with elongated pad for handsoldering. (Body size source: http://www.tortai-tech.com/upload/download/2011102023233369053.pdf), generated with kicad-footprint-generator")
    (tags "capacitor handsolder")
    (path /5C1842AA)
    (attr smd)
    (fp_text reference C8 (at 0 -2.28 90) (layer F.SilkS)
      (effects (font (size 1 1) (thickness 0.15)))
    )
    (fp_text value "0.1U CERAMIC" (at 0 2.28 90) (layer F.Fab)
      (effects (font (size 1 1) (thickness 0.15)))
    )
    (fp_text user %R (at 0 0 90) (layer F.Fab)
      (effects (font (size 0.8 0.8) (thickness 0.12)))
    )
    (fp_line (start 2.45 1.58) (end -2.45 1.58) (layer F.CrtYd) (width 0.05))
    (fp_line (start 2.45 -1.58) (end 2.45 1.58) (layer F.CrtYd) (width 0.05))
    (fp_line (start -2.45 -1.58) (end 2.45 -1.58) (layer F.CrtYd) (width 0.05))
    (fp_line (start -2.45 1.58) (end -2.45 -1.58) (layer F.CrtYd) (width 0.05))
    (fp_line (start -0.602064 1.36) (end 0.602064 1.36) (layer F.SilkS) (width 0.12))
    (fp_line (start -0.602064 -1.36) (end 0.602064 -1.36) (layer F.SilkS) (width 0.12))
    (fp_line (start 1.6 1.25) (end -1.6 1.25) (layer F.Fab) (width 0.1))
    (fp_line (start 1.6 -1.25) (end 1.6 1.25) (layer F.Fab) (width 0.1))
    (fp_line (start -1.6 -1.25) (end 1.6 -1.25) (layer F.Fab) (width 0.1))
    (fp_line (start -1.6 1.25) (end -1.6 -1.25) (layer F.Fab) (width 0.1))
    (pad 2 smd roundrect (at 1.4875 0 90) (size 1.425 2.65) (layers F.Cu F.Paste F.Mask) (roundrect_rratio 0.175439)
      (net 2 3V3))
    (pad 1 smd roundrect (at -1.4875 0 90) (size 1.425 2.65) (layers F.Cu F.Paste F.Mask) (roundrect_rratio 0.175439)
      (net 1 GND))
    (model ${KISYS3DMOD}/Capacitor_SMD.3dshapes/C_1210_3225Metric.wrl
      (at (xyz 0 0 0))
      (scale (xyz 1 1 1))
      (rotate (xyz 0 0 0))
    )
  )

  (module Capacitor_SMD:C_1210_3225Metric_Pad1.42x2.65mm_HandSolder (layer F.Cu) (tedit 5B301BBE) (tstamp 5C4CE1CB)
    (at 252.984 115.8605 270)
    (descr "Capacitor SMD 1210 (3225 Metric), square (rectangular) end terminal, IPC_7351 nominal with elongated pad for handsoldering. (Body size source: http://www.tortai-tech.com/upload/download/2011102023233369053.pdf), generated with kicad-footprint-generator")
    (tags "capacitor handsolder")
    (path /5BF62DDB)
    (attr smd)
    (fp_text reference C11 (at 0 -2.28 270) (layer F.SilkS)
      (effects (font (size 1 1) (thickness 0.15)))
    )
    (fp_text value "0.1U CERAMIC" (at 0 2.28 270) (layer F.Fab)
      (effects (font (size 1 1) (thickness 0.15)))
    )
    (fp_line (start -1.6 1.25) (end -1.6 -1.25) (layer F.Fab) (width 0.1))
    (fp_line (start -1.6 -1.25) (end 1.6 -1.25) (layer F.Fab) (width 0.1))
    (fp_line (start 1.6 -1.25) (end 1.6 1.25) (layer F.Fab) (width 0.1))
    (fp_line (start 1.6 1.25) (end -1.6 1.25) (layer F.Fab) (width 0.1))
    (fp_line (start -0.602064 -1.36) (end 0.602064 -1.36) (layer F.SilkS) (width 0.12))
    (fp_line (start -0.602064 1.36) (end 0.602064 1.36) (layer F.SilkS) (width 0.12))
    (fp_line (start -2.45 1.58) (end -2.45 -1.58) (layer F.CrtYd) (width 0.05))
    (fp_line (start -2.45 -1.58) (end 2.45 -1.58) (layer F.CrtYd) (width 0.05))
    (fp_line (start 2.45 -1.58) (end 2.45 1.58) (layer F.CrtYd) (width 0.05))
    (fp_line (start 2.45 1.58) (end -2.45 1.58) (layer F.CrtYd) (width 0.05))
    (fp_text user %R (at 0 0 270) (layer F.Fab)
      (effects (font (size 0.8 0.8) (thickness 0.12)))
    )
    (pad 1 smd roundrect (at -1.4875 0 270) (size 1.425 2.65) (layers F.Cu F.Paste F.Mask) (roundrect_rratio 0.175439)
      (net 2 3V3))
    (pad 2 smd roundrect (at 1.4875 0 270) (size 1.425 2.65) (layers F.Cu F.Paste F.Mask) (roundrect_rratio 0.175439)
      (net 1 GND))
    (model ${KISYS3DMOD}/Capacitor_SMD.3dshapes/C_1210_3225Metric.wrl
      (at (xyz 0 0 0))
      (scale (xyz 1 1 1))
      (rotate (xyz 0 0 0))
    )
  )

  (module Capacitor_SMD:C_1210_3225Metric_Pad1.42x2.65mm_HandSolder (layer F.Cu) (tedit 5B301BBE) (tstamp 5C4C3983)
    (at 234.696 115.7875 270)
    (descr "Capacitor SMD 1210 (3225 Metric), square (rectangular) end terminal, IPC_7351 nominal with elongated pad for handsoldering. (Body size source: http://www.tortai-tech.com/upload/download/2011102023233369053.pdf), generated with kicad-footprint-generator")
    (tags "capacitor handsolder")
    (path /5C19E804)
    (attr smd)
    (fp_text reference C12 (at 0 -2.28 270) (layer F.SilkS)
      (effects (font (size 1 1) (thickness 0.15)))
    )
    (fp_text value "0.1U CERAMIC" (at 0 2.28 270) (layer F.Fab)
      (effects (font (size 1 1) (thickness 0.15)))
    )
    (fp_text user %R (at 0 0 270) (layer F.Fab)
      (effects (font (size 0.8 0.8) (thickness 0.12)))
    )
    (fp_line (start 2.45 1.58) (end -2.45 1.58) (layer F.CrtYd) (width 0.05))
    (fp_line (start 2.45 -1.58) (end 2.45 1.58) (layer F.CrtYd) (width 0.05))
    (fp_line (start -2.45 -1.58) (end 2.45 -1.58) (layer F.CrtYd) (width 0.05))
    (fp_line (start -2.45 1.58) (end -2.45 -1.58) (layer F.CrtYd) (width 0.05))
    (fp_line (start -0.602064 1.36) (end 0.602064 1.36) (layer F.SilkS) (width 0.12))
    (fp_line (start -0.602064 -1.36) (end 0.602064 -1.36) (layer F.SilkS) (width 0.12))
    (fp_line (start 1.6 1.25) (end -1.6 1.25) (layer F.Fab) (width 0.1))
    (fp_line (start 1.6 -1.25) (end 1.6 1.25) (layer F.Fab) (width 0.1))
    (fp_line (start -1.6 -1.25) (end 1.6 -1.25) (layer F.Fab) (width 0.1))
    (fp_line (start -1.6 1.25) (end -1.6 -1.25) (layer F.Fab) (width 0.1))
    (pad 2 smd roundrect (at 1.4875 0 270) (size 1.425 2.65) (layers F.Cu F.Paste F.Mask) (roundrect_rratio 0.175439)
      (net 1 GND))
    (pad 1 smd roundrect (at -1.4875 0 270) (size 1.425 2.65) (layers F.Cu F.Paste F.Mask) (roundrect_rratio 0.175439)
      (net 2 3V3))
    (model ${KISYS3DMOD}/Capacitor_SMD.3dshapes/C_1210_3225Metric.wrl
      (at (xyz 0 0 0))
      (scale (xyz 1 1 1))
      (rotate (xyz 0 0 0))
    )
  )

  (module Capacitor_SMD:C_1210_3225Metric_Pad1.42x2.65mm_HandSolder (layer F.Cu) (tedit 5B301BBE) (tstamp 5C4C39A7)
    (at 245.618 115.7875 90)
    (descr "Capacitor SMD 1210 (3225 Metric), square (rectangular) end terminal, IPC_7351 nominal with elongated pad for handsoldering. (Body size source: http://www.tortai-tech.com/upload/download/2011102023233369053.pdf), generated with kicad-footprint-generator")
    (tags "capacitor handsolder")
    (path /5BF50F7F)
    (attr smd)
    (fp_text reference C14 (at 0 -2.28 90) (layer F.SilkS)
      (effects (font (size 1 1) (thickness 0.15)))
    )
    (fp_text value "0.1U CERAMIC" (at 0 2.28 90) (layer F.Fab)
      (effects (font (size 1 1) (thickness 0.15)))
    )
    (fp_text user %R (at 0 0 90) (layer F.Fab)
      (effects (font (size 0.8 0.8) (thickness 0.12)))
    )
    (fp_line (start 2.45 1.58) (end -2.45 1.58) (layer F.CrtYd) (width 0.05))
    (fp_line (start 2.45 -1.58) (end 2.45 1.58) (layer F.CrtYd) (width 0.05))
    (fp_line (start -2.45 -1.58) (end 2.45 -1.58) (layer F.CrtYd) (width 0.05))
    (fp_line (start -2.45 1.58) (end -2.45 -1.58) (layer F.CrtYd) (width 0.05))
    (fp_line (start -0.602064 1.36) (end 0.602064 1.36) (layer F.SilkS) (width 0.12))
    (fp_line (start -0.602064 -1.36) (end 0.602064 -1.36) (layer F.SilkS) (width 0.12))
    (fp_line (start 1.6 1.25) (end -1.6 1.25) (layer F.Fab) (width 0.1))
    (fp_line (start 1.6 -1.25) (end 1.6 1.25) (layer F.Fab) (width 0.1))
    (fp_line (start -1.6 -1.25) (end 1.6 -1.25) (layer F.Fab) (width 0.1))
    (fp_line (start -1.6 1.25) (end -1.6 -1.25) (layer F.Fab) (width 0.1))
    (pad 2 smd roundrect (at 1.4875 0 90) (size 1.425 2.65) (layers F.Cu F.Paste F.Mask) (roundrect_rratio 0.175439)
      (net 2 3V3))
    (pad 1 smd roundrect (at -1.4875 0 90) (size 1.425 2.65) (layers F.Cu F.Paste F.Mask) (roundrect_rratio 0.175439)
      (net 1 GND))
    (model ${KISYS3DMOD}/Capacitor_SMD.3dshapes/C_1210_3225Metric.wrl
      (at (xyz 0 0 0))
      (scale (xyz 1 1 1))
      (rotate (xyz 0 0 0))
    )
  )

  (module Capacitor_SMD:C_1210_3225Metric_Pad1.42x2.65mm_HandSolder (layer F.Cu) (tedit 5B301BBE) (tstamp 5C57FDE9)
    (at 256.54 115.8605 90)
    (descr "Capacitor SMD 1210 (3225 Metric), square (rectangular) end terminal, IPC_7351 nominal with elongated pad for handsoldering. (Body size source: http://www.tortai-tech.com/upload/download/2011102023233369053.pdf), generated with kicad-footprint-generator")
    (tags "capacitor handsolder")
    (path /5C19E7EE)
    (attr smd)
    (fp_text reference C16 (at 0 -2.28 90) (layer F.SilkS)
      (effects (font (size 1 1) (thickness 0.15)))
    )
    (fp_text value "0.1U CERAMIC" (at 0 2.28 90) (layer F.Fab)
      (effects (font (size 1 1) (thickness 0.15)))
    )
    (fp_line (start -1.6 1.25) (end -1.6 -1.25) (layer F.Fab) (width 0.1))
    (fp_line (start -1.6 -1.25) (end 1.6 -1.25) (layer F.Fab) (width 0.1))
    (fp_line (start 1.6 -1.25) (end 1.6 1.25) (layer F.Fab) (width 0.1))
    (fp_line (start 1.6 1.25) (end -1.6 1.25) (layer F.Fab) (width 0.1))
    (fp_line (start -0.602064 -1.36) (end 0.602064 -1.36) (layer F.SilkS) (width 0.12))
    (fp_line (start -0.602064 1.36) (end 0.602064 1.36) (layer F.SilkS) (width 0.12))
    (fp_line (start -2.45 1.58) (end -2.45 -1.58) (layer F.CrtYd) (width 0.05))
    (fp_line (start -2.45 -1.58) (end 2.45 -1.58) (layer F.CrtYd) (width 0.05))
    (fp_line (start 2.45 -1.58) (end 2.45 1.58) (layer F.CrtYd) (width 0.05))
    (fp_line (start 2.45 1.58) (end -2.45 1.58) (layer F.CrtYd) (width 0.05))
    (fp_text user %R (at 0 0 90) (layer F.Fab)
      (effects (font (size 0.8 0.8) (thickness 0.12)))
    )
    (pad 1 smd roundrect (at -1.4875 0 90) (size 1.425 2.65) (layers F.Cu F.Paste F.Mask) (roundrect_rratio 0.175439)
      (net 1 GND))
    (pad 2 smd roundrect (at 1.4875 0 90) (size 1.425 2.65) (layers F.Cu F.Paste F.Mask) (roundrect_rratio 0.175439)
      (net 2 3V3))
    (model ${KISYS3DMOD}/Capacitor_SMD.3dshapes/C_1210_3225Metric.wrl
      (at (xyz 0 0 0))
      (scale (xyz 1 1 1))
      (rotate (xyz 0 0 0))
    )
  )

  (module Capacitor_SMD:C_1210_3225Metric_Pad1.42x2.65mm_HandSolder (layer F.Cu) (tedit 5B301BBE) (tstamp 5C4C3A13)
    (at 242.062 115.8605 90)
    (descr "Capacitor SMD 1210 (3225 Metric), square (rectangular) end terminal, IPC_7351 nominal with elongated pad for handsoldering. (Body size source: http://www.tortai-tech.com/upload/download/2011102023233369053.pdf), generated with kicad-footprint-generator")
    (tags "capacitor handsolder")
    (path /5C18D0E3)
    (attr smd)
    (fp_text reference C20 (at 0 -2.28 90) (layer F.SilkS)
      (effects (font (size 1 1) (thickness 0.15)))
    )
    (fp_text value "0.1U CERAMIC" (at 0 2.28 90) (layer F.Fab)
      (effects (font (size 1 1) (thickness 0.15)))
    )
    (fp_line (start -1.6 1.25) (end -1.6 -1.25) (layer F.Fab) (width 0.1))
    (fp_line (start -1.6 -1.25) (end 1.6 -1.25) (layer F.Fab) (width 0.1))
    (fp_line (start 1.6 -1.25) (end 1.6 1.25) (layer F.Fab) (width 0.1))
    (fp_line (start 1.6 1.25) (end -1.6 1.25) (layer F.Fab) (width 0.1))
    (fp_line (start -0.602064 -1.36) (end 0.602064 -1.36) (layer F.SilkS) (width 0.12))
    (fp_line (start -0.602064 1.36) (end 0.602064 1.36) (layer F.SilkS) (width 0.12))
    (fp_line (start -2.45 1.58) (end -2.45 -1.58) (layer F.CrtYd) (width 0.05))
    (fp_line (start -2.45 -1.58) (end 2.45 -1.58) (layer F.CrtYd) (width 0.05))
    (fp_line (start 2.45 -1.58) (end 2.45 1.58) (layer F.CrtYd) (width 0.05))
    (fp_line (start 2.45 1.58) (end -2.45 1.58) (layer F.CrtYd) (width 0.05))
    (fp_text user %R (at 0 0 90) (layer F.Fab)
      (effects (font (size 0.8 0.8) (thickness 0.12)))
    )
    (pad 1 smd roundrect (at -1.4875 0 90) (size 1.425 2.65) (layers F.Cu F.Paste F.Mask) (roundrect_rratio 0.175439)
      (net 1 GND))
    (pad 2 smd roundrect (at 1.4875 0 90) (size 1.425 2.65) (layers F.Cu F.Paste F.Mask) (roundrect_rratio 0.175439)
      (net 2 3V3))
    (model ${KISYS3DMOD}/Capacitor_SMD.3dshapes/C_1210_3225Metric.wrl
      (at (xyz 0 0 0))
      (scale (xyz 1 1 1))
      (rotate (xyz 0 0 0))
    )
  )

  (module Connector_PinSocket_2.54mm:PinSocket_2x08_P2.54mm_Vertical (layer F.Cu) (tedit 5A19A42B) (tstamp 5C57BAA4)
    (at 255.016 124.968)
    (descr "Through hole straight socket strip, 2x08, 2.54mm pitch, double cols (from Kicad 4.0.7), script generated")
    (tags "Through hole socket strip THT 2x08 2.54mm double row")
    (path /5C17FACF)
    (fp_text reference J1 (at -1.27 -2.77) (layer F.SilkS)
      (effects (font (size 1 1) (thickness 0.15)))
    )
    (fp_text value Conn_02x08_Odd_Even (at -1.27 20.55) (layer F.Fab)
      (effects (font (size 1 1) (thickness 0.15)))
    )
    (fp_text user %R (at -1.27 8.89 90) (layer F.Fab)
      (effects (font (size 1 1) (thickness 0.15)))
    )
    (fp_line (start -4.34 19.55) (end -4.34 -1.8) (layer F.CrtYd) (width 0.05))
    (fp_line (start 1.76 19.55) (end -4.34 19.55) (layer F.CrtYd) (width 0.05))
    (fp_line (start 1.76 -1.8) (end 1.76 19.55) (layer F.CrtYd) (width 0.05))
    (fp_line (start -4.34 -1.8) (end 1.76 -1.8) (layer F.CrtYd) (width 0.05))
    (fp_line (start 0 -1.33) (end 1.33 -1.33) (layer F.SilkS) (width 0.12))
    (fp_line (start 1.33 -1.33) (end 1.33 0) (layer F.SilkS) (width 0.12))
    (fp_line (start -1.27 -1.33) (end -1.27 1.27) (layer F.SilkS) (width 0.12))
    (fp_line (start -1.27 1.27) (end 1.33 1.27) (layer F.SilkS) (width 0.12))
    (fp_line (start 1.33 1.27) (end 1.33 19.11) (layer F.SilkS) (width 0.12))
    (fp_line (start -3.87 19.11) (end 1.33 19.11) (layer F.SilkS) (width 0.12))
    (fp_line (start -3.87 -1.33) (end -3.87 19.11) (layer F.SilkS) (width 0.12))
    (fp_line (start -3.87 -1.33) (end -1.27 -1.33) (layer F.SilkS) (width 0.12))
    (fp_line (start -3.81 19.05) (end -3.81 -1.27) (layer F.Fab) (width 0.1))
    (fp_line (start 1.27 19.05) (end -3.81 19.05) (layer F.Fab) (width 0.1))
    (fp_line (start 1.27 -0.27) (end 1.27 19.05) (layer F.Fab) (width 0.1))
    (fp_line (start 0.27 -1.27) (end 1.27 -0.27) (layer F.Fab) (width 0.1))
    (fp_line (start -3.81 -1.27) (end 0.27 -1.27) (layer F.Fab) (width 0.1))
    (pad 16 thru_hole oval (at -2.54 17.78) (size 1.7 1.7) (drill 1) (layers *.Cu *.Mask)
      (net 1 GND))
    (pad 15 thru_hole oval (at 0 17.78) (size 1.7 1.7) (drill 1) (layers *.Cu *.Mask)
      (net 3 "Net-(J1-Pad15)"))
    (pad 14 thru_hole oval (at -2.54 15.24) (size 1.7 1.7) (drill 1) (layers *.Cu *.Mask)
      (net 1 GND))
    (pad 13 thru_hole oval (at 0 15.24) (size 1.7 1.7) (drill 1) (layers *.Cu *.Mask)
      (net 4 "Net-(J1-Pad13)"))
    (pad 12 thru_hole oval (at -2.54 12.7) (size 1.7 1.7) (drill 1) (layers *.Cu *.Mask)
      (net 1 GND))
    (pad 11 thru_hole oval (at 0 12.7) (size 1.7 1.7) (drill 1) (layers *.Cu *.Mask)
      (net 5 "Net-(J1-Pad11)"))
    (pad 10 thru_hole oval (at -2.54 10.16) (size 1.7 1.7) (drill 1) (layers *.Cu *.Mask)
      (net 1 GND))
    (pad 9 thru_hole oval (at 0 10.16) (size 1.7 1.7) (drill 1) (layers *.Cu *.Mask)
      (net 6 "Net-(J1-Pad9)"))
    (pad 8 thru_hole oval (at -2.54 7.62) (size 1.7 1.7) (drill 1) (layers *.Cu *.Mask)
      (net 1 GND))
    (pad 7 thru_hole oval (at 0 7.62) (size 1.7 1.7) (drill 1) (layers *.Cu *.Mask)
      (net 7 "Net-(J1-Pad7)"))
    (pad 6 thru_hole oval (at -2.54 5.08) (size 1.7 1.7) (drill 1) (layers *.Cu *.Mask)
      (net 1 GND))
    (pad 5 thru_hole oval (at 0 5.08) (size 1.7 1.7) (drill 1) (layers *.Cu *.Mask)
      (net 8 "Net-(J1-Pad5)"))
    (pad 4 thru_hole oval (at -2.54 2.54) (size 1.7 1.7) (drill 1) (layers *.Cu *.Mask)
      (net 1 GND))
    (pad 3 thru_hole oval (at 0 2.54) (size 1.7 1.7) (drill 1) (layers *.Cu *.Mask)
      (net 9 "Net-(J1-Pad3)"))
    (pad 2 thru_hole oval (at -2.54 0) (size 1.7 1.7) (drill 1) (layers *.Cu *.Mask)
      (net 1 GND))
    (pad 1 thru_hole rect (at 0 0) (size 1.7 1.7) (drill 1) (layers *.Cu *.Mask)
      (net 10 "Net-(J1-Pad1)"))
    (model ${KISYS3DMOD}/Connector_PinSocket_2.54mm.3dshapes/PinSocket_2x08_P2.54mm_Vertical.wrl
      (at (xyz 0 0 0))
      (scale (xyz 1 1 1))
      (rotate (xyz 0 0 0))
    )
  )

  (module Connector_PinSocket_2.54mm:PinSocket_2x08_P2.54mm_Vertical (layer F.Cu) (tedit 5A19A42B) (tstamp 5C57D837)
    (at 243.84 124.968)
    (descr "Through hole straight socket strip, 2x08, 2.54mm pitch, double cols (from Kicad 4.0.7), script generated")
    (tags "Through hole socket strip THT 2x08 2.54mm double row")
    (path /5C1842E3)
    (fp_text reference J2 (at -1.27 -2.77) (layer F.SilkS)
      (effects (font (size 1 1) (thickness 0.15)))
    )
    (fp_text value Conn_02x08_Odd_Even (at -1.27 20.55) (layer F.Fab)
      (effects (font (size 1 1) (thickness 0.15)))
    )
    (fp_text user %R (at -1.27 8.89 90) (layer F.Fab)
      (effects (font (size 1 1) (thickness 0.15)))
    )
    (fp_line (start -4.34 19.55) (end -4.34 -1.8) (layer F.CrtYd) (width 0.05))
    (fp_line (start 1.76 19.55) (end -4.34 19.55) (layer F.CrtYd) (width 0.05))
    (fp_line (start 1.76 -1.8) (end 1.76 19.55) (layer F.CrtYd) (width 0.05))
    (fp_line (start -4.34 -1.8) (end 1.76 -1.8) (layer F.CrtYd) (width 0.05))
    (fp_line (start 0 -1.33) (end 1.33 -1.33) (layer F.SilkS) (width 0.12))
    (fp_line (start 1.33 -1.33) (end 1.33 0) (layer F.SilkS) (width 0.12))
    (fp_line (start -1.27 -1.33) (end -1.27 1.27) (layer F.SilkS) (width 0.12))
    (fp_line (start -1.27 1.27) (end 1.33 1.27) (layer F.SilkS) (width 0.12))
    (fp_line (start 1.33 1.27) (end 1.33 19.11) (layer F.SilkS) (width 0.12))
    (fp_line (start -3.87 19.11) (end 1.33 19.11) (layer F.SilkS) (width 0.12))
    (fp_line (start -3.87 -1.33) (end -3.87 19.11) (layer F.SilkS) (width 0.12))
    (fp_line (start -3.87 -1.33) (end -1.27 -1.33) (layer F.SilkS) (width 0.12))
    (fp_line (start -3.81 19.05) (end -3.81 -1.27) (layer F.Fab) (width 0.1))
    (fp_line (start 1.27 19.05) (end -3.81 19.05) (layer F.Fab) (width 0.1))
    (fp_line (start 1.27 -0.27) (end 1.27 19.05) (layer F.Fab) (width 0.1))
    (fp_line (start 0.27 -1.27) (end 1.27 -0.27) (layer F.Fab) (width 0.1))
    (fp_line (start -3.81 -1.27) (end 0.27 -1.27) (layer F.Fab) (width 0.1))
    (pad 16 thru_hole oval (at -2.54 17.78) (size 1.7 1.7) (drill 1) (layers *.Cu *.Mask)
      (net 1 GND))
    (pad 15 thru_hole oval (at 0 17.78) (size 1.7 1.7) (drill 1) (layers *.Cu *.Mask)
      (net 11 "Net-(J2-Pad15)"))
    (pad 14 thru_hole oval (at -2.54 15.24) (size 1.7 1.7) (drill 1) (layers *.Cu *.Mask)
      (net 1 GND))
    (pad 13 thru_hole oval (at 0 15.24) (size 1.7 1.7) (drill 1) (layers *.Cu *.Mask)
      (net 12 "Net-(J2-Pad13)"))
    (pad 12 thru_hole oval (at -2.54 12.7) (size 1.7 1.7) (drill 1) (layers *.Cu *.Mask)
      (net 1 GND))
    (pad 11 thru_hole oval (at 0 12.7) (size 1.7 1.7) (drill 1) (layers *.Cu *.Mask)
      (net 13 "Net-(J2-Pad11)"))
    (pad 10 thru_hole oval (at -2.54 10.16) (size 1.7 1.7) (drill 1) (layers *.Cu *.Mask)
      (net 1 GND))
    (pad 9 thru_hole oval (at 0 10.16) (size 1.7 1.7) (drill 1) (layers *.Cu *.Mask)
      (net 14 "Net-(J2-Pad9)"))
    (pad 8 thru_hole oval (at -2.54 7.62) (size 1.7 1.7) (drill 1) (layers *.Cu *.Mask)
      (net 1 GND))
    (pad 7 thru_hole oval (at 0 7.62) (size 1.7 1.7) (drill 1) (layers *.Cu *.Mask)
      (net 15 "Net-(J2-Pad7)"))
    (pad 6 thru_hole oval (at -2.54 5.08) (size 1.7 1.7) (drill 1) (layers *.Cu *.Mask)
      (net 1 GND))
    (pad 5 thru_hole oval (at 0 5.08) (size 1.7 1.7) (drill 1) (layers *.Cu *.Mask)
      (net 16 "Net-(J2-Pad5)"))
    (pad 4 thru_hole oval (at -2.54 2.54) (size 1.7 1.7) (drill 1) (layers *.Cu *.Mask)
      (net 1 GND))
    (pad 3 thru_hole oval (at 0 2.54) (size 1.7 1.7) (drill 1) (layers *.Cu *.Mask)
      (net 17 "Net-(J2-Pad3)"))
    (pad 2 thru_hole oval (at -2.54 0) (size 1.7 1.7) (drill 1) (layers *.Cu *.Mask)
      (net 1 GND))
    (pad 1 thru_hole rect (at 0 0) (size 1.7 1.7) (drill 1) (layers *.Cu *.Mask)
      (net 18 "Net-(J2-Pad1)"))
    (model ${KISYS3DMOD}/Connector_PinSocket_2.54mm.3dshapes/PinSocket_2x08_P2.54mm_Vertical.wrl
      (at (xyz 0 0 0))
      (scale (xyz 1 1 1))
      (rotate (xyz 0 0 0))
    )
  )

  (module Connector_PinSocket_2.54mm:PinSocket_2x08_P2.54mm_Vertical (layer F.Cu) (tedit 5A19A42B) (tstamp 5C57B49D)
    (at 232.664 124.968)
    (descr "Through hole straight socket strip, 2x08, 2.54mm pitch, double cols (from Kicad 4.0.7), script generated")
    (tags "Through hole socket strip THT 2x08 2.54mm double row")
    (path /5C07D8AC)
    (fp_text reference J3 (at -1.27 -2.77) (layer F.SilkS)
      (effects (font (size 1 1) (thickness 0.15)))
    )
    (fp_text value Conn_02x08_Odd_Even (at -1.27 20.55) (layer F.Fab)
      (effects (font (size 1 1) (thickness 0.15)))
    )
    (fp_line (start -3.81 -1.27) (end 0.27 -1.27) (layer F.Fab) (width 0.1))
    (fp_line (start 0.27 -1.27) (end 1.27 -0.27) (layer F.Fab) (width 0.1))
    (fp_line (start 1.27 -0.27) (end 1.27 19.05) (layer F.Fab) (width 0.1))
    (fp_line (start 1.27 19.05) (end -3.81 19.05) (layer F.Fab) (width 0.1))
    (fp_line (start -3.81 19.05) (end -3.81 -1.27) (layer F.Fab) (width 0.1))
    (fp_line (start -3.87 -1.33) (end -1.27 -1.33) (layer F.SilkS) (width 0.12))
    (fp_line (start -3.87 -1.33) (end -3.87 19.11) (layer F.SilkS) (width 0.12))
    (fp_line (start -3.87 19.11) (end 1.33 19.11) (layer F.SilkS) (width 0.12))
    (fp_line (start 1.33 1.27) (end 1.33 19.11) (layer F.SilkS) (width 0.12))
    (fp_line (start -1.27 1.27) (end 1.33 1.27) (layer F.SilkS) (width 0.12))
    (fp_line (start -1.27 -1.33) (end -1.27 1.27) (layer F.SilkS) (width 0.12))
    (fp_line (start 1.33 -1.33) (end 1.33 0) (layer F.SilkS) (width 0.12))
    (fp_line (start 0 -1.33) (end 1.33 -1.33) (layer F.SilkS) (width 0.12))
    (fp_line (start -4.34 -1.8) (end 1.76 -1.8) (layer F.CrtYd) (width 0.05))
    (fp_line (start 1.76 -1.8) (end 1.76 19.55) (layer F.CrtYd) (width 0.05))
    (fp_line (start 1.76 19.55) (end -4.34 19.55) (layer F.CrtYd) (width 0.05))
    (fp_line (start -4.34 19.55) (end -4.34 -1.8) (layer F.CrtYd) (width 0.05))
    (fp_text user %R (at -1.27 8.89 90) (layer F.Fab)
      (effects (font (size 1 1) (thickness 0.15)))
    )
    (pad 1 thru_hole rect (at 0 0) (size 1.7 1.7) (drill 1) (layers *.Cu *.Mask)
      (net 19 "Net-(J3-Pad1)"))
    (pad 2 thru_hole oval (at -2.54 0) (size 1.7 1.7) (drill 1) (layers *.Cu *.Mask)
      (net 1 GND))
    (pad 3 thru_hole oval (at 0 2.54) (size 1.7 1.7) (drill 1) (layers *.Cu *.Mask)
      (net 20 "Net-(J3-Pad3)"))
    (pad 4 thru_hole oval (at -2.54 2.54) (size 1.7 1.7) (drill 1) (layers *.Cu *.Mask)
      (net 1 GND))
    (pad 5 thru_hole oval (at 0 5.08) (size 1.7 1.7) (drill 1) (layers *.Cu *.Mask)
      (net 21 "Net-(J3-Pad5)"))
    (pad 6 thru_hole oval (at -2.54 5.08) (size 1.7 1.7) (drill 1) (layers *.Cu *.Mask)
      (net 1 GND))
    (pad 7 thru_hole oval (at 0 7.62) (size 1.7 1.7) (drill 1) (layers *.Cu *.Mask)
      (net 22 "Net-(J3-Pad7)"))
    (pad 8 thru_hole oval (at -2.54 7.62) (size 1.7 1.7) (drill 1) (layers *.Cu *.Mask)
      (net 1 GND))
    (pad 9 thru_hole oval (at 0 10.16) (size 1.7 1.7) (drill 1) (layers *.Cu *.Mask)
      (net 23 "Net-(J3-Pad9)"))
    (pad 10 thru_hole oval (at -2.54 10.16) (size 1.7 1.7) (drill 1) (layers *.Cu *.Mask)
      (net 1 GND))
    (pad 11 thru_hole oval (at 0 12.7) (size 1.7 1.7) (drill 1) (layers *.Cu *.Mask)
      (net 24 "Net-(J3-Pad11)"))
    (pad 12 thru_hole oval (at -2.54 12.7) (size 1.7 1.7) (drill 1) (layers *.Cu *.Mask)
      (net 1 GND))
    (pad 13 thru_hole oval (at 0 15.24) (size 1.7 1.7) (drill 1) (layers *.Cu *.Mask)
      (net 25 "Net-(J3-Pad13)"))
    (pad 14 thru_hole oval (at -2.54 15.24) (size 1.7 1.7) (drill 1) (layers *.Cu *.Mask)
      (net 1 GND))
    (pad 15 thru_hole oval (at 0 17.78) (size 1.7 1.7) (drill 1) (layers *.Cu *.Mask)
      (net 26 "Net-(J3-Pad15)"))
    (pad 16 thru_hole oval (at -2.54 17.78) (size 1.7 1.7) (drill 1) (layers *.Cu *.Mask)
      (net 1 GND))
    (model ${KISYS3DMOD}/Connector_PinSocket_2.54mm.3dshapes/PinSocket_2x08_P2.54mm_Vertical.wrl
      (at (xyz 0 0 0))
      (scale (xyz 1 1 1))
      (rotate (xyz 0 0 0))
    )
  )

  (module Connector_PinSocket_2.54mm:PinSocket_2x08_P2.54mm_Vertical (layer F.Cu) (tedit 5A19A42B) (tstamp 5C4C3AAB)
    (at 221.488 124.968)
    (descr "Through hole straight socket strip, 2x08, 2.54mm pitch, double cols (from Kicad 4.0.7), script generated")
    (tags "Through hole socket strip THT 2x08 2.54mm double row")
    (path /5C19E827)
    (fp_text reference J4 (at -1.27 -2.77) (layer F.SilkS)
      (effects (font (size 1 1) (thickness 0.15)))
    )
    (fp_text value Conn_02x08_Odd_Even (at -1.27 20.55) (layer F.Fab)
      (effects (font (size 1 1) (thickness 0.15)))
    )
    (fp_line (start -3.81 -1.27) (end 0.27 -1.27) (layer F.Fab) (width 0.1))
    (fp_line (start 0.27 -1.27) (end 1.27 -0.27) (layer F.Fab) (width 0.1))
    (fp_line (start 1.27 -0.27) (end 1.27 19.05) (layer F.Fab) (width 0.1))
    (fp_line (start 1.27 19.05) (end -3.81 19.05) (layer F.Fab) (width 0.1))
    (fp_line (start -3.81 19.05) (end -3.81 -1.27) (layer F.Fab) (width 0.1))
    (fp_line (start -3.87 -1.33) (end -1.27 -1.33) (layer F.SilkS) (width 0.12))
    (fp_line (start -3.87 -1.33) (end -3.87 19.11) (layer F.SilkS) (width 0.12))
    (fp_line (start -3.87 19.11) (end 1.33 19.11) (layer F.SilkS) (width 0.12))
    (fp_line (start 1.33 1.27) (end 1.33 19.11) (layer F.SilkS) (width 0.12))
    (fp_line (start -1.27 1.27) (end 1.33 1.27) (layer F.SilkS) (width 0.12))
    (fp_line (start -1.27 -1.33) (end -1.27 1.27) (layer F.SilkS) (width 0.12))
    (fp_line (start 1.33 -1.33) (end 1.33 0) (layer F.SilkS) (width 0.12))
    (fp_line (start 0 -1.33) (end 1.33 -1.33) (layer F.SilkS) (width 0.12))
    (fp_line (start -4.34 -1.8) (end 1.76 -1.8) (layer F.CrtYd) (width 0.05))
    (fp_line (start 1.76 -1.8) (end 1.76 19.55) (layer F.CrtYd) (width 0.05))
    (fp_line (start 1.76 19.55) (end -4.34 19.55) (layer F.CrtYd) (width 0.05))
    (fp_line (start -4.34 19.55) (end -4.34 -1.8) (layer F.CrtYd) (width 0.05))
    (fp_text user %R (at -1.27 8.89 90) (layer F.Fab)
      (effects (font (size 1 1) (thickness 0.15)))
    )
    (pad 1 thru_hole rect (at 0 0) (size 1.7 1.7) (drill 1) (layers *.Cu *.Mask)
      (net 27 "Net-(J4-Pad1)"))
    (pad 2 thru_hole oval (at -2.54 0) (size 1.7 1.7) (drill 1) (layers *.Cu *.Mask)
      (net 1 GND))
