(kicad_pcb (version 20171130) (host pcbnew 5.0.1-33cea8e~68~ubuntu16.04.1)

  (general
    (thickness 1.6)
    (drawings 34)
    (tracks 327)
    (zones 0)
    (modules 50)
    (nets 64)
  )

  (page A4)
  (layers
    (0 F.Cu signal)
    (31 B.Cu signal)
    (32 B.Adhes user)
    (33 F.Adhes user)
    (34 B.Paste user)
    (35 F.Paste user)
    (36 B.SilkS user)
    (37 F.SilkS user)
    (38 B.Mask user)
    (39 F.Mask user)
    (40 Dwgs.User user)
    (41 Cmts.User user)
    (42 Eco1.User user)
    (43 Eco2.User user)
    (44 Edge.Cuts user)
    (45 Margin user)
    (46 B.CrtYd user)
    (47 F.CrtYd user)
    (48 B.Fab user)
    (49 F.Fab user)
  )

  (setup
    (last_trace_width 0.254)
    (trace_clearance 0.1524)
    (zone_clearance 0.508)
    (zone_45_only no)
    (trace_min 0.1524)
    (segment_width 0.2)
    (edge_width 0.15)
    (via_size 0.508)
    (via_drill 0.254)
    (via_min_size 0.508)
    (via_min_drill 0.254)
    (uvia_size 0.3)
    (uvia_drill 0.1)
    (uvias_allowed no)
    (uvia_min_size 0.2)
    (uvia_min_drill 0.1)
    (pcb_text_width 0.3)
    (pcb_text_size 1.5 1.5)
    (mod_edge_width 0.15)
    (mod_text_size 1 1)
    (mod_text_width 0.15)
    (pad_size 1.7 1.7)
    (pad_drill 1)
    (pad_to_mask_clearance 0.0508)
    (solder_mask_min_width 0.25)
    (aux_axis_origin 0 0)
    (visible_elements FFFFFF7F)
    (pcbplotparams
      (layerselection 0x010fc_ffffffff)
      (usegerberextensions false)
      (usegerberattributes false)
      (usegerberadvancedattributes false)
      (creategerberjobfile false)
      (excludeedgelayer true)
      (linewidth 0.100000)
      (plotframeref false)
      (viasonmask false)
      (mode 1)
      (useauxorigin false)
      (hpglpennumber 1)
      (hpglpenspeed 20)
      (hpglpendiameter 15.000000)
      (psnegative false)
      (psa4output false)
      (plotreference true)
      (plotvalue true)
      (plotinvisibletext false)
      (padsonsilk false)
      (subtractmaskfromsilk false)
      (outputformat 1)
      (mirror false)
      (drillshape 1)
      (scaleselection 1)
      (outputdirectory ""))
  )

  (net 0 "")
  (net 1 3V3)
  (net 2 GND)
  (net 3 "Net-(J1-Pad1)")
  (net 4 IOREF)
  (net 5 RESET)
  (net 6 5V)
  (net 7 A5)
  (net 8 A4)
  (net 9 A3)
  (net 10 A2)
  (net 11 A1)
  (net 12 A0)
  (net 13 D0)
  (net 14 D1)
  (net 15 D2)
  (net 16 D3)
  (net 17 D4)
  (net 18 D5)
  (net 19 D6)
  (net 20 D7)
  (net 21 D8)
  (net 22 D9)
  (net 23 D10)
  (net 24 D11)
  (net 25 D12)
  (net 26 D13)
  (net 27 AREF)
  (net 28 SDA)
  (net 29 SCL)
  (net 30 "Net-(J5-Pad7)")
  (net 31 "Net-(J5-Pad5)")
  (net 32 "Net-(J5-Pad3)")
  (net 33 "Net-(J5-Pad1)")
  (net 34 "Net-(J6-Pad7)")
  (net 35 "Net-(J6-Pad5)")
  (net 36 "Net-(J6-Pad3)")
  (net 37 "Net-(J6-Pad1)")
  (net 38 "Net-(J7-Pad1)")
  (net 39 "Net-(J7-Pad3)")
  (net 40 "Net-(J7-Pad5)")
  (net 41 "Net-(J7-Pad7)")
  (net 42 "Net-(R3-Pad1)")
  (net 43 "Net-(R5-Pad1)")
  (net 44 "Net-(R13-Pad1)")
  (net 45 "Net-(R15-Pad1)")
  (net 46 "Net-(R20-Pad1)")
  (net 47 "Net-(R23-Pad1)")
  (net 48 "Net-(U1-Pad6)")
  (net 49 "Net-(U2-Pad6)")
  (net 50 "Net-(U3-Pad6)")
  (net 51 "Net-(J5-Pad15)")
  (net 52 "Net-(J5-Pad13)")
  (net 53 "Net-(J5-Pad11)")
  (net 54 "Net-(J5-Pad9)")
  (net 55 "Net-(J6-Pad15)")
  (net 56 "Net-(J6-Pad13)")
  (net 57 "Net-(J6-Pad11)")
  (net 58 "Net-(J6-Pad9)")
  (net 59 "Net-(J7-Pad9)")
  (net 60 "Net-(J7-Pad11)")
  (net 61 "Net-(J7-Pad13)")
  (net 62 "Net-(J7-Pad15)")
  (net 63 "Net-(J1-Pad8)")

  (net_class Default "This is the default net class."
    (clearance 0.1524)
    (trace_width 0.254)
    (via_dia 0.508)
    (via_drill 0.254)
    (uvia_dia 0.3)
    (uvia_drill 0.1)
    (add_net 5V)
    (add_net A0)
    (add_net A1)
    (add_net A2)
    (add_net A3)
    (add_net A4)
    (add_net A5)
    (add_net AREF)
    (add_net D0)
    (add_net D1)
    (add_net D10)
    (add_net D11)
    (add_net D12)
    (add_net D13)
    (add_net D2)
    (add_net D3)
    (add_net D4)
    (add_net D5)
    (add_net D6)
    (add_net D7)
    (add_net D8)
    (add_net D9)
    (add_net IOREF)
    (add_net "Net-(J1-Pad1)")
    (add_net "Net-(J1-Pad8)")
    (add_net "Net-(J5-Pad1)")
    (add_net "Net-(J5-Pad11)")
    (add_net "Net-(J5-Pad13)")
    (add_net "Net-(J5-Pad15)")
    (add_net "Net-(J5-Pad3)")
    (add_net "Net-(J5-Pad5)")
    (add_net "Net-(J5-Pad7)")
    (add_net "Net-(J5-Pad9)")
    (add_net "Net-(J6-Pad1)")
    (add_net "Net-(J6-Pad11)")
    (add_net "Net-(J6-Pad13)")
    (add_net "Net-(J6-Pad15)")
    (add_net "Net-(J6-Pad3)")
    (add_net "Net-(J6-Pad5)")
    (add_net "Net-(J6-Pad7)")
    (add_net "Net-(J6-Pad9)")
    (add_net "Net-(J7-Pad1)")
    (add_net "Net-(J7-Pad11)")
    (add_net "Net-(J7-Pad13)")
    (add_net "Net-(J7-Pad15)")
    (add_net "Net-(J7-Pad3)")
    (add_net "Net-(J7-Pad5)")
    (add_net "Net-(J7-Pad7)")
    (add_net "Net-(J7-Pad9)")
    (add_net "Net-(R13-Pad1)")
    (add_net "Net-(R15-Pad1)")
    (add_net "Net-(R20-Pad1)")
    (add_net "Net-(R23-Pad1)")
    (add_net "Net-(R3-Pad1)")
    (add_net "Net-(R5-Pad1)")
    (add_net "Net-(U1-Pad6)")
    (add_net "Net-(U2-Pad6)")
    (add_net "Net-(U3-Pad6)")
    (add_net RESET)
    (add_net SCL)
    (add_net SDA)
  )

  (net_class Power ""
    (clearance 0.1524)
    (trace_width 0.381)
    (via_dia 0.508)
    (via_drill 0.254)
    (uvia_dia 0.3)
    (uvia_drill 0.1)
    (add_net 3V3)
    (add_net GND)
  )

  (module Socket_Strips:Socket_Strip_Straight_1x08_Pitch2.54mm (layer F.Cu) (tedit 5BF35029) (tstamp 5BF32F2B)
    (at 48.26 62.992)
    (descr "Through hole straight socket strip, 1x08, 2.54mm pitch, single row")
    (tags "Through hole socket strip THT 1x08 2.54mm single row")
    (path /5BF40ED2)
    (fp_text reference J1 (at 0 -2.33) (layer F.SilkS)
      (effects (font (size 1 1) (thickness 0.15)))
    )
    (fp_text value Conn_01x08_Male (at 0 20.11) (layer F.Fab)
      (effects (font (size 1 1) (thickness 0.15)))
    )
    (fp_line (start -1.27 -1.27) (end -1.27 19.05) (layer F.Fab) (width 0.1))
    (fp_line (start -1.27 19.05) (end 1.27 19.05) (layer F.Fab) (width 0.1))
    (fp_line (start 1.27 19.05) (end 1.27 -1.27) (layer F.Fab) (width 0.1))
    (fp_line (start 1.27 -1.27) (end -1.27 -1.27) (layer F.Fab) (width 0.1))
    (fp_line (start -1.33 1.27) (end -1.33 19.11) (layer F.SilkS) (width 0.12))
    (fp_line (start -1.33 19.11) (end 1.33 19.11) (layer F.SilkS) (width 0.12))
    (fp_line (start 1.33 19.11) (end 1.33 1.27) (layer F.SilkS) (width 0.12))
    (fp_line (start 1.33 1.27) (end -1.33 1.27) (layer F.SilkS) (width 0.12))
    (fp_line (start -1.33 0) (end -1.33 -1.33) (layer F.SilkS) (width 0.12))
    (fp_line (start -1.33 -1.33) (end 0 -1.33) (layer F.SilkS) (width 0.12))
    (fp_line (start -1.8 -1.8) (end -1.8 19.55) (layer F.CrtYd) (width 0.05))
    (fp_line (start -1.8 19.55) (end 1.8 19.55) (layer F.CrtYd) (width 0.05))
    (fp_line (start 1.8 19.55) (end 1.8 -1.8) (layer F.CrtYd) (width 0.05))
    (fp_line (start 1.8 -1.8) (end -1.8 -1.8) (layer F.CrtYd) (width 0.05))
    (fp_text user %R (at 0 -2.33) (layer F.Fab)
      (effects (font (size 1 1) (thickness 0.15)))
    )
    (pad 1 thru_hole rect (at 0 0) (size 1.7 1.7) (drill 1) (layers *.Cu *.Mask)
      (net 3 "Net-(J1-Pad1)"))
    (pad 2 thru_hole oval (at 0 2.54) (size 1.7 1.7) (drill 1) (layers *.Cu *.Mask)
      (net 4 IOREF))
    (pad 3 thru_hole oval (at 0 5.08) (size 1.7 1.7) (drill 1) (layers *.Cu *.Mask)
      (net 5 RESET))
    (pad 4 thru_hole oval (at 0 7.62) (size 1.7 1.7) (drill 1) (layers *.Cu *.Mask)
      (net 1 3V3))
    (pad 5 thru_hole oval (at 0 10.16) (size 1.7 1.7) (drill 1) (layers *.Cu *.Mask)
      (net 6 5V))
    (pad 6 thru_hole oval (at 0 12.7) (size 1.7 1.7) (drill 1) (layers *.Cu *.Mask)
      (net 2 GND))
    (pad 7 thru_hole oval (at 0 15.24) (size 1.7 1.7) (drill 1) (layers *.Cu *.Mask)
      (net 2 GND))
    (pad 8 thru_hole oval (at 0 17.78) (size 1.7 1.7) (drill 1) (layers *.Cu *.Mask)
      (net 63 "Net-(J1-Pad8)"))
    (model ${KISYS3DMOD}/Socket_Strips.3dshapes/Socket_Strip_Straight_1x08_Pitch2.54mm.wrl
      (offset (xyz 0 -8.889999866485596 0))
      (scale (xyz 1 1 1))
      (rotate (xyz 0 0 270))
    )
  )

  (module Socket_Strips:Socket_Strip_Straight_1x06_Pitch2.54mm (layer F.Cu) (tedit 58CD5446) (tstamp 5BF32F44)
    (at 48.26 85.852)
    (descr "Through hole straight socket strip, 1x06, 2.54mm pitch, single row")
    (tags "Through hole socket strip THT 1x06 2.54mm single row")
    (path /5BF499A8)
    (fp_text reference J2 (at 0 -2.33) (layer F.SilkS)
      (effects (font (size 1 1) (thickness 0.15)))
    )
    (fp_text value Conn_01x06_Male (at 0 15.03) (layer F.Fab)
      (effects (font (size 1 1) (thickness 0.15)))
    )
    (fp_text user %R (at 0 -2.33) (layer F.Fab)
      (effects (font (size 1 1) (thickness 0.15)))
    )
    (fp_line (start 1.8 -1.8) (end -1.8 -1.8) (layer F.CrtYd) (width 0.05))
    (fp_line (start 1.8 14.5) (end 1.8 -1.8) (layer F.CrtYd) (width 0.05))
    (fp_line (start -1.8 14.5) (end 1.8 14.5) (layer F.CrtYd) (width 0.05))
    (fp_line (start -1.8 -1.8) (end -1.8 14.5) (layer F.CrtYd) (width 0.05))
    (fp_line (start -1.33 -1.33) (end 0 -1.33) (layer F.SilkS) (width 0.12))
    (fp_line (start -1.33 0) (end -1.33 -1.33) (layer F.SilkS) (width 0.12))
    (fp_line (start 1.33 1.27) (end -1.33 1.27) (layer F.SilkS) (width 0.12))
    (fp_line (start 1.33 14.03) (end 1.33 1.27) (layer F.SilkS) (width 0.12))
    (fp_line (start -1.33 14.03) (end 1.33 14.03) (layer F.SilkS) (width 0.12))
    (fp_line (start -1.33 1.27) (end -1.33 14.03) (layer F.SilkS) (width 0.12))
    (fp_line (start 1.27 -1.27) (end -1.27 -1.27) (layer F.Fab) (width 0.1))
    (fp_line (start 1.27 13.97) (end 1.27 -1.27) (layer F.Fab) (width 0.1))
    (fp_line (start -1.27 13.97) (end 1.27 13.97) (layer F.Fab) (width 0.1))
    (fp_line (start -1.27 -1.27) (end -1.27 13.97) (layer F.Fab) (width 0.1))
    (pad 6 thru_hole oval (at 0 12.7) (size 1.7 1.7) (drill 1) (layers *.Cu *.Mask)
      (net 7 A5))
    (pad 5 thru_hole oval (at 0 10.16) (size 1.7 1.7) (drill 1) (layers *.Cu *.Mask)
      (net 8 A4))
    (pad 4 thru_hole oval (at 0 7.62) (size 1.7 1.7) (drill 1) (layers *.Cu *.Mask)
      (net 9 A3))
    (pad 3 thru_hole oval (at 0 5.08) (size 1.7 1.7) (drill 1) (layers *.Cu *.Mask)
      (net 10 A2))
    (pad 2 thru_hole oval (at 0 2.54) (size 1.7 1.7) (drill 1) (layers *.Cu *.Mask)
      (net 11 A1))
    (pad 1 thru_hole rect (at 0 0) (size 1.7 1.7) (drill 1) (layers *.Cu *.Mask)
      (net 12 A0))
    (model ${KISYS3DMOD}/Socket_Strips.3dshapes/Socket_Strip_Straight_1x06_Pitch2.54mm.wrl
      (offset (xyz 0 -6.349999904632568 0))
      (scale (xyz 1 1 1))
      (rotate (xyz 0 0 270))
    )
  )

  (module Socket_Strips:Socket_Strip_Straight_1x08_Pitch2.54mm (layer F.Cu) (tedit 58CD5446) (tstamp 5BF3432C)
    (at 96.52 80.772)
    (descr "Through hole straight socket strip, 1x08, 2.54mm pitch, single row")
    (tags "Through hole socket strip THT 1x08 2.54mm single row")
    (path /5BF4A69B)
    (fp_text reference J3 (at 0 -2.33) (layer F.SilkS)
      (effects (font (size 1 1) (thickness 0.15)))
    )
    (fp_text value Conn_01x08_Male (at 0 20.11) (layer F.Fab)
      (effects (font (size 1 1) (thickness 0.15)))
    )
    (fp_text user %R (at 0 -2.33) (layer F.Fab)
      (effects (font (size 1 1) (thickness 0.15)))
    )
    (fp_line (start 1.8 -1.8) (end -1.8 -1.8) (layer F.CrtYd) (width 0.05))
    (fp_line (start 1.8 19.55) (end 1.8 -1.8) (layer F.CrtYd) (width 0.05))
    (fp_line (start -1.8 19.55) (end 1.8 19.55) (layer F.CrtYd) (width 0.05))
    (fp_line (start -1.8 -1.8) (end -1.8 19.55) (layer F.CrtYd) (width 0.05))
    (fp_line (start -1.33 -1.33) (end 0 -1.33) (layer F.SilkS) (width 0.12))
    (fp_line (start -1.33 0) (end -1.33 -1.33) (layer F.SilkS) (width 0.12))
    (fp_line (start 1.33 1.27) (end -1.33 1.27) (layer F.SilkS) (width 0.12))
    (fp_line (start 1.33 19.11) (end 1.33 1.27) (layer F.SilkS) (width 0.12))
    (fp_line (start -1.33 19.11) (end 1.33 19.11) (layer F.SilkS) (width 0.12))
    (fp_line (start -1.33 1.27) (end -1.33 19.11) (layer F.SilkS) (width 0.12))
    (fp_line (start 1.27 -1.27) (end -1.27 -1.27) (layer F.Fab) (width 0.1))
    (fp_line (start 1.27 19.05) (end 1.27 -1.27) (layer F.Fab) (width 0.1))
    (fp_line (start -1.27 19.05) (end 1.27 19.05) (layer F.Fab) (width 0.1))
    (fp_line (start -1.27 -1.27) (end -1.27 19.05) (layer F.Fab) (width 0.1))
    (pad 8 thru_hole oval (at 0 17.78) (size 1.7 1.7) (drill 1) (layers *.Cu *.Mask)
      (net 13 D0))
    (pad 7 thru_hole oval (at 0 15.24) (size 1.7 1.7) (drill 1) (layers *.Cu *.Mask)
      (net 14 D1))
    (pad 6 thru_hole oval (at 0 12.7) (size 1.7 1.7) (drill 1) (layers *.Cu *.Mask)
      (net 15 D2))
    (pad 5 thru_hole oval (at 0 10.16) (size 1.7 1.7) (drill 1) (layers *.Cu *.Mask)
      (net 16 D3))
    (pad 4 thru_hole oval (at 0 7.62) (size 1.7 1.7) (drill 1) (layers *.Cu *.Mask)
      (net 17 D4))
    (pad 3 thru_hole oval (at 0 5.08) (size 1.7 1.7) (drill 1) (layers *.Cu *.Mask)
      (net 18 D5))
    (pad 2 thru_hole oval (at 0 2.54) (size 1.7 1.7) (drill 1) (layers *.Cu *.Mask)
      (net 19 D6))
    (pad 1 thru_hole rect (at 0 0) (size 1.7 1.7) (drill 1) (layers *.Cu *.Mask)
      (net 20 D7))
    (model ${KISYS3DMOD}/Socket_Strips.3dshapes/Socket_Strip_Straight_1x08_Pitch2.54mm.wrl
      (offset (xyz 0 -8.889999866485596 0))
      (scale (xyz 1 1 1))
      (rotate (xyz 0 0 270))
    )
  )

  (module Socket_Strips:Socket_Strip_Straight_1x10_Pitch2.54mm (layer F.Cu) (tedit 58CD5446) (tstamp 5BF32F7C)
    (at 96.52 53.852)
    (descr "Through hole straight socket strip, 1x10, 2.54mm pitch, single row")
    (tags "Through hole socket strip THT 1x10 2.54mm single row")
    (path /5BF4AB57)
    (fp_text reference J4 (at 0 -2.33) (layer F.SilkS)
      (effects (font (size 1 1) (thickness 0.15)))
    )
    (fp_text value Conn_01x10_Male (at 0 25.19) (layer F.Fab)
      (effects (font (size 1 1) (thickness 0.15)))
    )
    (fp_text user %R (at 0 -2.33) (layer F.Fab)
      (effects (font (size 1 1) (thickness 0.15)))
    )
    (fp_line (start 1.8 -1.8) (end -1.8 -1.8) (layer F.CrtYd) (width 0.05))
    (fp_line (start 1.8 24.65) (end 1.8 -1.8) (layer F.CrtYd) (width 0.05))
    (fp_line (start -1.8 24.65) (end 1.8 24.65) (layer F.CrtYd) (width 0.05))
    (fp_line (start -1.8 -1.8) (end -1.8 24.65) (layer F.CrtYd) (width 0.05))
    (fp_line (start -1.33 -1.33) (end 0 -1.33) (layer F.SilkS) (width 0.12))
    (fp_line (start -1.33 0) (end -1.33 -1.33) (layer F.SilkS) (width 0.12))
    (fp_line (start 1.33 1.27) (end -1.33 1.27) (layer F.SilkS) (width 0.12))
    (fp_line (start 1.33 24.19) (end 1.33 1.27) (layer F.SilkS) (width 0.12))
    (fp_line (start -1.33 24.19) (end 1.33 24.19) (layer F.SilkS) (width 0.12))
    (fp_line (start -1.33 1.27) (end -1.33 24.19) (layer F.SilkS) (width 0.12))
    (fp_line (start 1.27 -1.27) (end -1.27 -1.27) (layer F.Fab) (width 0.1))
    (fp_line (start 1.27 24.13) (end 1.27 -1.27) (layer F.Fab) (width 0.1))
    (fp_line (start -1.27 24.13) (end 1.27 24.13) (layer F.Fab) (width 0.1))
    (fp_line (start -1.27 -1.27) (end -1.27 24.13) (layer F.Fab) (width 0.1))
    (pad 10 thru_hole oval (at 0 22.86) (size 1.7 1.7) (drill 1) (layers *.Cu *.Mask)
      (net 21 D8))
    (pad 9 thru_hole oval (at 0 20.32) (size 1.7 1.7) (drill 1) (layers *.Cu *.Mask)
      (net 22 D9))
    (pad 8 thru_hole oval (at 0 17.78) (size 1.7 1.7) (drill 1) (layers *.Cu *.Mask)
      (net 23 D10))
    (pad 7 thru_hole oval (at 0 15.24) (size 1.7 1.7) (drill 1) (layers *.Cu *.Mask)
      (net 24 D11))
    (pad 6 thru_hole oval (at 0 12.7) (size 1.7 1.7) (drill 1) (layers *.Cu *.Mask)
      (net 25 D12))
    (pad 5 thru_hole oval (at 0 10.16) (size 1.7 1.7) (drill 1) (layers *.Cu *.Mask)
      (net 26 D13))
    (pad 4 thru_hole oval (at 0 7.62) (size 1.7 1.7) (drill 1) (layers *.Cu *.Mask)
      (net 2 GND))
    (pad 3 thru_hole oval (at 0 5.08) (size 1.7 1.7) (drill 1) (layers *.Cu *.Mask)
      (net 27 AREF))
    (pad 2 thru_hole oval (at 0 2.54) (size 1.7 1.7) (drill 1) (layers *.Cu *.Mask)
      (net 28 SDA))
    (pad 1 thru_hole rect (at 0 0) (size 1.7 1.7) (drill 1) (layers *.Cu *.Mask)
      (net 29 SCL))
    (model ${KISYS3DMOD}/Socket_Strips.3dshapes/Socket_Strip_Straight_1x10_Pitch2.54mm.wrl
      (offset (xyz 0 -11.42999982833862 0))
      (scale (xyz 1 1 1))
      (rotate (xyz 0 0 270))
    )
  )

  (module Resistors_SMD:R_1206_HandSoldering (layer F.Cu) (tedit 58E0A804) (tstamp 5BF32FFC)
    (at 93.599 42.767 270)
    (descr "Resistor SMD 1206, hand soldering")
    (tags "resistor 1206")
    (path /5BF5EB59)
    (attr smd)
    (fp_text reference R1 (at 0 -1.85 270) (layer F.SilkS)
      (effects (font (size 1 1) (thickness 0.15)))
    )
    (fp_text value 10K (at 0 1.9 270) (layer F.Fab)
      (effects (font (size 1 1) (thickness 0.15)))
    )
    (fp_text user %R (at 0 0 270) (layer F.Fab)
      (effects (font (size 0.7 0.7) (thickness 0.105)))
    )
    (fp_line (start -1.6 0.8) (end -1.6 -0.8) (layer F.Fab) (width 0.1))
    (fp_line (start 1.6 0.8) (end -1.6 0.8) (layer F.Fab) (width 0.1))
    (fp_line (start 1.6 -0.8) (end 1.6 0.8) (layer F.Fab) (width 0.1))
    (fp_line (start -1.6 -0.8) (end 1.6 -0.8) (layer F.Fab) (width 0.1))
    (fp_line (start 1 1.07) (end -1 1.07) (layer F.SilkS) (width 0.12))
    (fp_line (start -1 -1.07) (end 1 -1.07) (layer F.SilkS) (width 0.12))
    (fp_line (start -3.25 -1.11) (end 3.25 -1.11) (layer F.CrtYd) (width 0.05))
    (fp_line (start -3.25 -1.11) (end -3.25 1.1) (layer F.CrtYd) (width 0.05))
    (fp_line (start 3.25 1.1) (end 3.25 -1.11) (layer F.CrtYd) (width 0.05))
    (fp_line (start 3.25 1.1) (end -3.25 1.1) (layer F.CrtYd) (width 0.05))
    (pad 1 smd rect (at -2 0 270) (size 2 1.7) (layers F.Cu F.Paste F.Mask)
      (net 1 3V3))
    (pad 2 smd rect (at 2 0 270) (size 2 1.7) (layers F.Cu F.Paste F.Mask)
      (net 29 SCL))
    (model ${KISYS3DMOD}/Resistors_SMD.3dshapes/R_1206.wrl
      (at (xyz 0 0 0))
      (scale (xyz 1 1 1))
      (rotate (xyz 0 0 0))
    )
  )

  (module Resistors_SMD:R_1206_HandSoldering (layer F.Cu) (tedit 58E0A804) (tstamp 5BF36D85)
    (at 89.535 42.767 270)
    (descr "Resistor SMD 1206, hand soldering")
    (tags "resistor 1206")
    (path /5BF5EA87)
    (attr smd)
    (fp_text reference R2 (at 0 -1.85 270) (layer F.SilkS)
      (effects (font (size 1 1) (thickness 0.15)))
    )
    (fp_text value 10K (at 0 1.9 270) (layer F.Fab)
      (effects (font (size 1 1) (thickness 0.15)))
    )
    (fp_line (start 3.25 1.1) (end -3.25 1.1) (layer F.CrtYd) (width 0.05))
    (fp_line (start 3.25 1.1) (end 3.25 -1.11) (layer F.CrtYd) (width 0.05))
    (fp_line (start -3.25 -1.11) (end -3.25 1.1) (layer F.CrtYd) (width 0.05))
    (fp_line (start -3.25 -1.11) (end 3.25 -1.11) (layer F.CrtYd) (width 0.05))
    (fp_line (start -1 -1.07) (end 1 -1.07) (layer F.SilkS) (width 0.12))
    (fp_line (start 1 1.07) (end -1 1.07) (layer F.SilkS) (width 0.12))
    (fp_line (start -1.6 -0.8) (end 1.6 -0.8) (layer F.Fab) (width 0.1))
    (fp_line (start 1.6 -0.8) (end 1.6 0.8) (layer F.Fab) (width 0.1))
    (fp_line (start 1.6 0.8) (end -1.6 0.8) (layer F.Fab) (width 0.1))
    (fp_line (start -1.6 0.8) (end -1.6 -0.8) (layer F.Fab) (width 0.1))
    (fp_text user %R (at 0 0 270) (layer F.Fab)
      (effects (font (size 0.7 0.7) (thickness 0.105)))
    )
    (pad 2 smd rect (at 2 0 270) (size 2 1.7) (layers F.Cu F.Paste F.Mask)
      (net 28 SDA))
    (pad 1 smd rect (at -2 0 270) (size 2 1.7) (layers F.Cu F.Paste F.Mask)
      (net 1 3V3))
    (model ${KISYS3DMOD}/Resistors_SMD.3dshapes/R_1206.wrl
      (at (xyz 0 0 0))
      (scale (xyz 1 1 1))
      (rotate (xyz 0 0 0))
    )
  )

  (module Resistors_SMD:R_1206_HandSoldering (layer F.Cu) (tedit 58E0A804) (tstamp 5BF4C442)
    (at 79.375 42.5765 90)
    (descr "Resistor SMD 1206, hand soldering")
    (tags "resistor 1206")
    (path /5BF77684)
    (attr smd)
    (fp_text reference R3 (at 0 -1.85 90) (layer F.SilkS)
      (effects (font (size 1 1) (thickness 0.15)))
    )
    (fp_text value 10K (at 0 1.9 90) (layer F.Fab)
      (effects (font (size 1 1) (thickness 0.15)))
    )
    (fp_line (start 3.25 1.1) (end -3.25 1.1) (layer F.CrtYd) (width 0.05))
    (fp_line (start 3.25 1.1) (end 3.25 -1.11) (layer F.CrtYd) (width 0.05))
    (fp_line (start -3.25 -1.11) (end -3.25 1.1) (layer F.CrtYd) (width 0.05))
    (fp_line (start -3.25 -1.11) (end 3.25 -1.11) (layer F.CrtYd) (width 0.05))
    (fp_line (start -1 -1.07) (end 1 -1.07) (layer F.SilkS) (width 0.12))
    (fp_line (start 1 1.07) (end -1 1.07) (layer F.SilkS) (width 0.12))
    (fp_line (start -1.6 -0.8) (end 1.6 -0.8) (layer F.Fab) (width 0.1))
    (fp_line (start 1.6 -0.8) (end 1.6 0.8) (layer F.Fab) (width 0.1))
    (fp_line (start 1.6 0.8) (end -1.6 0.8) (layer F.Fab) (width 0.1))
    (fp_line (start -1.6 0.8) (end -1.6 -0.8) (layer F.Fab) (width 0.1))
    (fp_text user %R (at 0 0 90) (layer F.Fab)
      (effects (font (size 0.7 0.7) (thickness 0.105)))
    )
    (pad 2 smd rect (at 2 0 90) (size 2 1.7) (layers F.Cu F.Paste F.Mask)
      (net 2 GND))
    (pad 1 smd rect (at -2 0 90) (size 2 1.7) (layers F.Cu F.Paste F.Mask)
      (net 42 "Net-(R3-Pad1)"))
    (model ${KISYS3DMOD}/Resistors_SMD.3dshapes/R_1206.wrl
      (at (xyz 0 0 0))
      (scale (xyz 1 1 1))
      (rotate (xyz 0 0 0))
    )
  )

  (module Resistors_SMD:R_1206_HandSoldering (layer B.Cu) (tedit 58E0A804) (tstamp 5BF39F83)
    (at 89.963083 73.152 180)
    (descr "Resistor SMD 1206, hand soldering")
    (tags "resistor 1206")
    (path /5BF329E4)
    (attr smd)
    (fp_text reference R4 (at 0 1.85 180) (layer B.SilkS)
      (effects (font (size 1 1) (thickness 0.15)) (justify mirror))
    )
    (fp_text value R (at 0 -1.9 180) (layer B.Fab)
      (effects (font (size 1 1) (thickness 0.15)) (justify mirror))
    )
    (fp_line (start 3.25 -1.1) (end -3.25 -1.1) (layer B.CrtYd) (width 0.05))
    (fp_line (start 3.25 -1.1) (end 3.25 1.11) (layer B.CrtYd) (width 0.05))
    (fp_line (start -3.25 1.11) (end -3.25 -1.1) (layer B.CrtYd) (width 0.05))
    (fp_line (start -3.25 1.11) (end 3.25 1.11) (layer B.CrtYd) (width 0.05))
    (fp_line (start -1 1.07) (end 1 1.07) (layer B.SilkS) (width 0.12))
    (fp_line (start 1 -1.07) (end -1 -1.07) (layer B.SilkS) (width 0.12))
    (fp_line (start -1.6 0.8) (end 1.6 0.8) (layer B.Fab) (width 0.1))
    (fp_line (start 1.6 0.8) (end 1.6 -0.8) (layer B.Fab) (width 0.1))
    (fp_line (start 1.6 -0.8) (end -1.6 -0.8) (layer B.Fab) (width 0.1))
    (fp_line (start -1.6 -0.8) (end -1.6 0.8) (layer B.Fab) (width 0.1))
    (fp_text user %R (at 0 0 180) (layer B.Fab)
      (effects (font (size 0.7 0.7) (thickness 0.105)) (justify mirror))
    )
    (pad 2 smd rect (at 2 0 180) (size 2 1.7) (layers B.Cu B.Paste B.Mask)
      (net 33 "Net-(J5-Pad1)"))
    (pad 1 smd rect (at -2 0 180) (size 2 1.7) (layers B.Cu B.Paste B.Mask)
      (net 1 3V3))
    (model ${KISYS3DMOD}/Resistors_SMD.3dshapes/R_1206.wrl
      (at (xyz 0 0 0))
      (scale (xyz 1 1 1))
      (rotate (xyz 0 0 0))
    )
  )

  (module Resistors_SMD:R_1206_HandSoldering (layer F.Cu) (tedit 58E0A804) (tstamp 5BF4C412)
    (at 83.439 42.5765 90)
    (descr "Resistor SMD 1206, hand soldering")
    (tags "resistor 1206")
    (path /5BF76D44)
    (attr smd)
    (fp_text reference R5 (at 0 -1.85 90) (layer F.SilkS)
      (effects (font (size 1 1) (thickness 0.15)))
    )
    (fp_text value 10K (at 0 1.9 90) (layer F.Fab)
      (effects (font (size 1 1) (thickness 0.15)))
    )
    (fp_text user %R (at 0 0 90) (layer F.Fab)
      (effects (font (size 0.7 0.7) (thickness 0.105)))
    )
    (fp_line (start -1.6 0.8) (end -1.6 -0.8) (layer F.Fab) (width 0.1))
    (fp_line (start 1.6 0.8) (end -1.6 0.8) (layer F.Fab) (width 0.1))
    (fp_line (start 1.6 -0.8) (end 1.6 0.8) (layer F.Fab) (width 0.1))
    (fp_line (start -1.6 -0.8) (end 1.6 -0.8) (layer F.Fab) (width 0.1))
    (fp_line (start 1 1.07) (end -1 1.07) (layer F.SilkS) (width 0.12))
    (fp_line (start -1 -1.07) (end 1 -1.07) (layer F.SilkS) (width 0.12))
    (fp_line (start -3.25 -1.11) (end 3.25 -1.11) (layer F.CrtYd) (width 0.05))
    (fp_line (start -3.25 -1.11) (end -3.25 1.1) (layer F.CrtYd) (width 0.05))
    (fp_line (start 3.25 1.1) (end 3.25 -1.11) (layer F.CrtYd) (width 0.05))
    (fp_line (start 3.25 1.1) (end -3.25 1.1) (layer F.CrtYd) (width 0.05))
    (pad 1 smd rect (at -2 0 90) (size 2 1.7) (layers F.Cu F.Paste F.Mask)
      (net 43 "Net-(R5-Pad1)"))
    (pad 2 smd rect (at 2 0 90) (size 2 1.7) (layers F.Cu F.Paste F.Mask)
      (net 2 GND))
    (model ${KISYS3DMOD}/Resistors_SMD.3dshapes/R_1206.wrl
      (at (xyz 0 0 0))
      (scale (xyz 1 1 1))
      (rotate (xyz 0 0 0))
    )
  )

  (module Resistors_SMD:R_1206_HandSoldering (layer B.Cu) (tedit 58E0A804) (tstamp 5BF39E33)
    (at 89.963083 76.817683 180)
    (descr "Resistor SMD 1206, hand soldering")
    (tags "resistor 1206")
    (path /5BF32BCA)
    (attr smd)
    (fp_text reference R6 (at 0 1.85 180) (layer B.SilkS)
      (effects (font (size 1 1) (thickness 0.15)) (justify mirror))
    )
    (fp_text value R (at 0 -1.9 180) (layer B.Fab)
      (effects (font (size 1 1) (thickness 0.15)) (justify mirror))
    )
    (fp_line (start 3.25 -1.1) (end -3.25 -1.1) (layer B.CrtYd) (width 0.05))
    (fp_line (start 3.25 -1.1) (end 3.25 1.11) (layer B.CrtYd) (width 0.05))
    (fp_line (start -3.25 1.11) (end -3.25 -1.1) (layer B.CrtYd) (width 0.05))
    (fp_line (start -3.25 1.11) (end 3.25 1.11) (layer B.CrtYd) (width 0.05))
    (fp_line (start -1 1.07) (end 1 1.07) (layer B.SilkS) (width 0.12))
    (fp_line (start 1 -1.07) (end -1 -1.07) (layer B.SilkS) (width 0.12))
    (fp_line (start -1.6 0.8) (end 1.6 0.8) (layer B.Fab) (width 0.1))
    (fp_line (start 1.6 0.8) (end 1.6 -0.8) (layer B.Fab) (width 0.1))
    (fp_line (start 1.6 -0.8) (end -1.6 -0.8) (layer B.Fab) (width 0.1))
    (fp_line (start -1.6 -0.8) (end -1.6 0.8) (layer B.Fab) (width 0.1))
    (fp_text user %R (at 0 0 180) (layer B.Fab)
      (effects (font (size 0.7 0.7) (thickness 0.105)) (justify mirror))
    )
    (pad 2 smd rect (at 2 0 180) (size 2 1.7) (layers B.Cu B.Paste B.Mask)
      (net 32 "Net-(J5-Pad3)"))
    (pad 1 smd rect (at -2 0 180) (size 2 1.7) (layers B.Cu B.Paste B.Mask)
      (net 1 3V3))
    (model ${KISYS3DMOD}/Resistors_SMD.3dshapes/R_1206.wrl
      (at (xyz 0 0 0))
      (scale (xyz 1 1 1))
      (rotate (xyz 0 0 0))
    )
  )

  (module Resistors_SMD:R_1206_HandSoldering (layer B.Cu) (tedit 58E0A804) (tstamp 5BF39F53)
    (at 89.963083 80.500683 180)
    (descr "Resistor SMD 1206, hand soldering")
    (tags "resistor 1206")
    (path /5BF32BEE)
    (attr smd)
    (fp_text reference R7 (at 0 1.85 180) (layer B.SilkS)
      (effects (font (size 1 1) (thickness 0.15)) (justify mirror))
    )
    (fp_text value R (at 0 -1.9 180) (layer B.Fab)
      (effects (font (size 1 1) (thickness 0.15)) (justify mirror))
    )
    (fp_text user %R (at 0 0 180) (layer B.Fab)
      (effects (font (size 0.7 0.7) (thickness 0.105)) (justify mirror))
    )
    (fp_line (start -1.6 -0.8) (end -1.6 0.8) (layer B.Fab) (width 0.1))
    (fp_line (start 1.6 -0.8) (end -1.6 -0.8) (layer B.Fab) (width 0.1))
    (fp_line (start 1.6 0.8) (end 1.6 -0.8) (layer B.Fab) (width 0.1))
    (fp_line (start -1.6 0.8) (end 1.6 0.8) (layer B.Fab) (width 0.1))
    (fp_line (start 1 -1.07) (end -1 -1.07) (layer B.SilkS) (width 0.12))
    (fp_line (start -1 1.07) (end 1 1.07) (layer B.SilkS) (width 0.12))
    (fp_line (start -3.25 1.11) (end 3.25 1.11) (layer B.CrtYd) (width 0.05))
    (fp_line (start -3.25 1.11) (end -3.25 -1.1) (layer B.CrtYd) (width 0.05))
    (fp_line (start 3.25 -1.1) (end 3.25 1.11) (layer B.CrtYd) (width 0.05))
    (fp_line (start 3.25 -1.1) (end -3.25 -1.1) (layer B.CrtYd) (width 0.05))
    (pad 1 smd rect (at -2 0 180) (size 2 1.7) (layers B.Cu B.Paste B.Mask)
      (net 1 3V3))
    (pad 2 smd rect (at 2 0 180) (size 2 1.7) (layers B.Cu B.Paste B.Mask)
      (net 31 "Net-(J5-Pad5)"))
    (model ${KISYS3DMOD}/Resistors_SMD.3dshapes/R_1206.wrl
      (at (xyz 0 0 0))
      (scale (xyz 1 1 1))
      (rotate (xyz 0 0 0))
    )
  )

  (module Resistors_SMD:R_1206_HandSoldering (layer B.Cu) (tedit 58E0A804) (tstamp 5BF39EF3)
    (at 89.963083 84.183683 180)
    (descr "Resistor SMD 1206, hand soldering")
    (tags "resistor 1206")
    (path /5BF32C14)
    (attr smd)
    (fp_text reference R8 (at 0 1.85 180) (layer B.SilkS)
      (effects (font (size 1 1) (thickness 0.15)) (justify mirror))
    )
    (fp_text value R (at 0 -1.9 180) (layer B.Fab)
      (effects (font (size 1 1) (thickness 0.15)) (justify mirror))
    )
    (fp_line (start 3.25 -1.1) (end -3.25 -1.1) (layer B.CrtYd) (width 0.05))
    (fp_line (start 3.25 -1.1) (end 3.25 1.11) (layer B.CrtYd) (width 0.05))
    (fp_line (start -3.25 1.11) (end -3.25 -1.1) (layer B.CrtYd) (width 0.05))
    (fp_line (start -3.25 1.11) (end 3.25 1.11) (layer B.CrtYd) (width 0.05))
    (fp_line (start -1 1.07) (end 1 1.07) (layer B.SilkS) (width 0.12))
    (fp_line (start 1 -1.07) (end -1 -1.07) (layer B.SilkS) (width 0.12))
    (fp_line (start -1.6 0.8) (end 1.6 0.8) (layer B.Fab) (width 0.1))
    (fp_line (start 1.6 0.8) (end 1.6 -0.8) (layer B.Fab) (width 0.1))
    (fp_line (start 1.6 -0.8) (end -1.6 -0.8) (layer B.Fab) (width 0.1))
    (fp_line (start -1.6 -0.8) (end -1.6 0.8) (layer B.Fab) (width 0.1))
    (fp_text user %R (at 0 0 180) (layer B.Fab)
      (effects (font (size 0.7 0.7) (thickness 0.105)) (justify mirror))
    )
    (pad 2 smd rect (at 2 0 180) (size 2 1.7) (layers B.Cu B.Paste B.Mask)
      (net 30 "Net-(J5-Pad7)"))
    (pad 1 smd rect (at -2 0 180) (size 2 1.7) (layers B.Cu B.Paste B.Mask)
      (net 1 3V3))
    (model ${KISYS3DMOD}/Resistors_SMD.3dshapes/R_1206.wrl
      (at (xyz 0 0 0))
      (scale (xyz 1 1 1))
      (rotate (xyz 0 0 0))
    )
  )

  (module Resistors_SMD:R_1206_HandSoldering (layer B.Cu) (tedit 58E0A804) (tstamp 5BF39E63)
    (at 89.836083 87.993681 180)
    (descr "Resistor SMD 1206, hand soldering")
    (tags "resistor 1206")
    (path /5BF32C3C)
    (attr smd)
    (fp_text reference R9 (at 0 1.85 180) (layer B.SilkS)
      (effects (font (size 1 1) (thickness 0.15)) (justify mirror))
    )
    (fp_text value R (at 0 -1.9 180) (layer B.Fab)
      (effects (font (size 1 1) (thickness 0.15)) (justify mirror))
    )
    (fp_text user %R (at 0 0 180) (layer B.Fab)
      (effects (font (size 0.7 0.7) (thickness 0.105)) (justify mirror))
    )
    (fp_line (start -1.6 -0.8) (end -1.6 0.8) (layer B.Fab) (width 0.1))
    (fp_line (start 1.6 -0.8) (end -1.6 -0.8) (layer B.Fab) (width 0.1))
    (fp_line (start 1.6 0.8) (end 1.6 -0.8) (layer B.Fab) (width 0.1))
    (fp_line (start -1.6 0.8) (end 1.6 0.8) (layer B.Fab) (width 0.1))
    (fp_line (start 1 -1.07) (end -1 -1.07) (layer B.SilkS) (width 0.12))
    (fp_line (start -1 1.07) (end 1 1.07) (layer B.SilkS) (width 0.12))
    (fp_line (start -3.25 1.11) (end 3.25 1.11) (layer B.CrtYd) (width 0.05))
    (fp_line (start -3.25 1.11) (end -3.25 -1.1) (layer B.CrtYd) (width 0.05))
    (fp_line (start 3.25 -1.1) (end 3.25 1.11) (layer B.CrtYd) (width 0.05))
    (fp_line (start 3.25 -1.1) (end -3.25 -1.1) (layer B.CrtYd) (width 0.05))
    (pad 1 smd rect (at -2 0 180) (size 2 1.7) (layers B.Cu B.Paste B.Mask)
      (net 1 3V3))
    (pad 2 smd rect (at 2 0 180) (size 2 1.7) (layers B.Cu B.Paste B.Mask)
      (net 54 "Net-(J5-Pad9)"))
    (model ${KISYS3DMOD}/Resistors_SMD.3dshapes/R_1206.wrl
      (at (xyz 0 0 0))
      (scale (xyz 1 1 1))
      (rotate (xyz 0 0 0))
    )
  )

  (module Resistors_SMD:R_1206_HandSoldering (layer B.Cu) (tedit 58E0A804) (tstamp 5BF39E93)
    (at 89.772083 91.549682 180)
    (descr "Resistor SMD 1206, hand soldering")
    (tags "resistor 1206")
    (path /5BF32C62)
    (attr smd)
    (fp_text reference R10 (at 0 1.85 180) (layer B.SilkS)
      (effects (font (size 1 1) (thickness 0.15)) (justify mirror))
    )
    (fp_text value R (at 0 -1.9 180) (layer B.Fab)
      (effects (font (size 1 1) (thickness 0.15)) (justify mirror))
    )
    (fp_text user %R (at 0 0 180) (layer B.Fab)
      (effects (font (size 0.7 0.7) (thickness 0.105)) (justify mirror))
    )
    (fp_line (start -1.6 -0.8) (end -1.6 0.8) (layer B.Fab) (width 0.1))
    (fp_line (start 1.6 -0.8) (end -1.6 -0.8) (layer B.Fab) (width 0.1))
    (fp_line (start 1.6 0.8) (end 1.6 -0.8) (layer B.Fab) (width 0.1))
    (fp_line (start -1.6 0.8) (end 1.6 0.8) (layer B.Fab) (width 0.1))
    (fp_line (start 1 -1.07) (end -1 -1.07) (layer B.SilkS) (width 0.12))
    (fp_line (start -1 1.07) (end 1 1.07) (layer B.SilkS) (width 0.12))
    (fp_line (start -3.25 1.11) (end 3.25 1.11) (layer B.CrtYd) (width 0.05))
    (fp_line (start -3.25 1.11) (end -3.25 -1.1) (layer B.CrtYd) (width 0.05))
    (fp_line (start 3.25 -1.1) (end 3.25 1.11) (layer B.CrtYd) (width 0.05))
    (fp_line (start 3.25 -1.1) (end -3.25 -1.1) (layer B.CrtYd) (width 0.05))
    (pad 1 smd rect (at -2 0 180) (size 2 1.7) (layers B.Cu B.Paste B.Mask)
      (net 1 3V3))
    (pad 2 smd rect (at 2 0 180) (size 2 1.7) (layers B.Cu B.Paste B.Mask)
      (net 53 "Net-(J5-Pad11)"))
    (model ${KISYS3DMOD}/Resistors_SMD.3dshapes/R_1206.wrl
      (at (xyz 0 0 0))
      (scale (xyz 1 1 1))
      (rotate (xyz 0 0 0))
    )
  )

  (module Resistors_SMD:R_1206_HandSoldering (layer B.Cu) (tedit 58E0A804) (tstamp 5BF39EC3)
    (at 89.836082 95.105681 180)
    (descr "Resistor SMD 1206, hand soldering")
    (tags "resistor 1206")
    (path /5BF32C86)
    (attr smd)
    (fp_text reference R11 (at 0 1.85 180) (layer B.SilkS)
      (effects (font (size 1 1) (thickness 0.15)) (justify mirror))
    )
    (fp_text value R (at 0 -1.9 180) (layer B.Fab)
      (effects (font (size 1 1) (thickness 0.15)) (justify mirror))
    )
    (fp_line (start 3.25 -1.1) (end -3.25 -1.1) (layer B.CrtYd) (width 0.05))
    (fp_line (start 3.25 -1.1) (end 3.25 1.11) (layer B.CrtYd) (width 0.05))
    (fp_line (start -3.25 1.11) (end -3.25 -1.1) (layer B.CrtYd) (width 0.05))
    (fp_line (start -3.25 1.11) (end 3.25 1.11) (layer B.CrtYd) (width 0.05))
    (fp_line (start -1 1.07) (end 1 1.07) (layer B.SilkS) (width 0.12))
    (fp_line (start 1 -1.07) (end -1 -1.07) (layer B.SilkS) (width 0.12))
    (fp_line (start -1.6 0.8) (end 1.6 0.8) (layer B.Fab) (width 0.1))
    (fp_line (start 1.6 0.8) (end 1.6 -0.8) (layer B.Fab) (width 0.1))
    (fp_line (start 1.6 -0.8) (end -1.6 -0.8) (layer B.Fab) (width 0.1))
    (fp_line (start -1.6 -0.8) (end -1.6 0.8) (layer B.Fab) (width 0.1))
    (fp_text user %R (at 0 0 180) (layer B.Fab)
      (effects (font (size 0.7 0.7) (thickness 0.105)) (justify mirror))
    )
    (pad 2 smd rect (at 2 0 180) (size 2 1.7) (layers B.Cu B.Paste B.Mask)
      (net 52 "Net-(J5-Pad13)"))
    (pad 1 smd rect (at -2 0 180) (size 2 1.7) (layers B.Cu B.Paste B.Mask)
      (net 1 3V3))
    (model ${KISYS3DMOD}/Resistors_SMD.3dshapes/R_1206.wrl
      (at (xyz 0 0 0))
      (scale (xyz 1 1 1))
      (rotate (xyz 0 0 0))
    )
  )

  (module Resistors_SMD:R_1206_HandSoldering (layer B.Cu) (tedit 58E0A804) (tstamp 5BF39F23)
    (at 89.963083 98.661682 180)
    (descr "Resistor SMD 1206, hand soldering")
    (tags "resistor 1206")
    (path /5BF32CB0)
    (attr smd)
    (fp_text reference R12 (at 0 1.85 180) (layer B.SilkS)
      (effects (font (size 1 1) (thickness 0.15)) (justify mirror))
    )
    (fp_text value R (at 0 -1.9 180) (layer B.Fab)
      (effects (font (size 1 1) (thickness 0.15)) (justify mirror))
    )
    (fp_text user %R (at 0 0 180) (layer B.Fab)
      (effects (font (size 0.7 0.7) (thickness 0.105)) (justify mirror))
    )
    (fp_line (start -1.6 -0.8) (end -1.6 0.8) (layer B.Fab) (width 0.1))
    (fp_line (start 1.6 -0.8) (end -1.6 -0.8) (layer B.Fab) (width 0.1))
    (fp_line (start 1.6 0.8) (end 1.6 -0.8) (layer B.Fab) (width 0.1))
    (fp_line (start -1.6 0.8) (end 1.6 0.8) (layer B.Fab) (width 0.1))
    (fp_line (start 1 -1.07) (end -1 -1.07) (layer B.SilkS) (width 0.12))
    (fp_line (start -1 1.07) (end 1 1.07) (layer B.SilkS) (width 0.12))
    (fp_line (start -3.25 1.11) (end 3.25 1.11) (layer B.CrtYd) (width 0.05))
    (fp_line (start -3.25 1.11) (end -3.25 -1.1) (layer B.CrtYd) (width 0.05))
    (fp_line (start 3.25 -1.1) (end 3.25 1.11) (layer B.CrtYd) (width 0.05))
    (fp_line (start 3.25 -1.1) (end -3.25 -1.1) (layer B.CrtYd) (width 0.05))
    (pad 1 smd rect (at -2 0 180) (size 2 1.7) (layers B.Cu B.Paste B.Mask)
      (net 1 3V3))
    (pad 2 smd rect (at 2 0 180) (size 2 1.7) (layers B.Cu B.Paste B.Mask)
      (net 51 "Net-(J5-Pad15)"))
    (model ${KISYS3DMOD}/Resistors_SMD.3dshapes/R_1206.wrl
      (at (xyz 0 0 0))
      (scale (xyz 1 1 1))
      (rotate (xyz 0 0 0))
    )
  )

  (module Resistors_SMD:R_1206_HandSoldering (layer F.Cu) (tedit 58E0A804) (tstamp 5BF330C8)
    (at 58.293 42.577 90)
    (descr "Resistor SMD 1206, hand soldering")
    (tags "resistor 1206")
    (path /5BFE9A99)
    (attr smd)
    (fp_text reference R13 (at 0 -1.85 90) (layer F.SilkS)
      (effects (font (size 1 1) (thickness 0.15)))
    )
    (fp_text value 10K (at 0 1.9 90) (layer F.Fab)
      (effects (font (size 1 1) (thickness 0.15)))
    )
    (fp_text user %R (at 0 0 90) (layer F.Fab)
      (effects (font (size 0.7 0.7) (thickness 0.105)))
    )
    (fp_line (start -1.6 0.8) (end -1.6 -0.8) (layer F.Fab) (width 0.1))
    (fp_line (start 1.6 0.8) (end -1.6 0.8) (layer F.Fab) (width 0.1))
    (fp_line (start 1.6 -0.8) (end 1.6 0.8) (layer F.Fab) (width 0.1))
    (fp_line (start -1.6 -0.8) (end 1.6 -0.8) (layer F.Fab) (width 0.1))
    (fp_line (start 1 1.07) (end -1 1.07) (layer F.SilkS) (width 0.12))
    (fp_line (start -1 -1.07) (end 1 -1.07) (layer F.SilkS) (width 0.12))
    (fp_line (start -3.25 -1.11) (end 3.25 -1.11) (layer F.CrtYd) (width 0.05))
    (fp_line (start -3.25 -1.11) (end -3.25 1.1) (layer F.CrtYd) (width 0.05))
    (fp_line (start 3.25 1.1) (end 3.25 -1.11) (layer F.CrtYd) (width 0.05))
    (fp_line (start 3.25 1.1) (end -3.25 1.1) (layer F.CrtYd) (width 0.05))
    (pad 1 smd rect (at -2 0 90) (size 2 1.7) (layers F.Cu F.Paste F.Mask)
      (net 44 "Net-(R13-Pad1)"))
    (pad 2 smd rect (at 2 0 90) (size 2 1.7) (layers F.Cu F.Paste F.Mask)
      (net 1 3V3))
    (model ${KISYS3DMOD}/Resistors_SMD.3dshapes/R_1206.wrl
      (at (xyz 0 0 0))
      (scale (xyz 1 1 1))
      (rotate (xyz 0 0 0))
    )
  )

  (module Resistors_SMD:R_1206_HandSoldering (layer B.Cu) (tedit 58E0A804) (tstamp 5BF330D9)
    (at 61.468 75.878957 180)
    (descr "Resistor SMD 1206, hand soldering")
    (tags "resistor 1206")
    (path /5BFE99A9)
    (attr smd)
    (fp_text reference R14 (at 0 1.85 180) (layer B.SilkS)
      (effects (font (size 1 1) (thickness 0.15)) (justify mirror))
    )
    (fp_text value R (at 0 -1.9 180) (layer B.Fab)
      (effects (font (size 1 1) (thickness 0.15)) (justify mirror))
    )
    (fp_text user %R (at 0 0 180) (layer B.Fab)
      (effects (font (size 0.7 0.7) (thickness 0.105)) (justify mirror))
    )
    (fp_line (start -1.6 -0.8) (end -1.6 0.8) (layer B.Fab) (width 0.1))
    (fp_line (start 1.6 -0.8) (end -1.6 -0.8) (layer B.Fab) (width 0.1))
    (fp_line (start 1.6 0.8) (end 1.6 -0.8) (layer B.Fab) (width 0.1))
    (fp_line (start -1.6 0.8) (end 1.6 0.8) (layer B.Fab) (width 0.1))
    (fp_line (start 1 -1.07) (end -1 -1.07) (layer B.SilkS) (width 0.12))
    (fp_line (start -1 1.07) (end 1 1.07) (layer B.SilkS) (width 0.12))
    (fp_line (start -3.25 1.11) (end 3.25 1.11) (layer B.CrtYd) (width 0.05))
    (fp_line (start -3.25 1.11) (end -3.25 -1.1) (layer B.CrtYd) (width 0.05))
    (fp_line (start 3.25 -1.1) (end 3.25 1.11) (layer B.CrtYd) (width 0.05))
    (fp_line (start 3.25 -1.1) (end -3.25 -1.1) (layer B.CrtYd) (width 0.05))
    (pad 1 smd rect (at -2 0 180) (size 2 1.7) (layers B.Cu B.Paste B.Mask)
      (net 1 3V3))
    (pad 2 smd rect (at 2 0 180) (size 2 1.7) (layers B.Cu B.Paste B.Mask)
      (net 37 "Net-(J6-Pad1)"))
