(kicad_pcb (version 20171130) (host pcbnew 5.0.2-bee76a0~70~ubuntu18.04.1)

  (general
    (thickness 1.6)
    (drawings 26)
    (tracks 507)
    (zones 0)
    (modules 88)
    (nets 86)
  )

  (page A4)
  (layers
    (0 F.Cu signal)
    (31 B.Cu signal)
    (32 B.Adhes user hide)
    (33 F.Adhes user hide)
    (34 B.Paste user)
    (35 F.Paste user)
    (36 B.SilkS user)
    (37 F.SilkS user)
    (38 B.Mask user)
    (39 F.Mask user)
    (40 Dwgs.User user)
    (41 Cmts.User user)
    (42 Eco1.User user)
    (43 Eco2.User user)
    (44 Edge.Cuts user)
    (45 Margin user)
    (46 B.CrtYd user)
    (47 F.CrtYd user)
    (48 B.Fab user hide)
    (49 F.Fab user hide)
  )

  (setup
    (last_trace_width 0.254)
    (trace_clearance 0.1778)
    (zone_clearance 0.508)
    (zone_45_only no)
    (trace_min 0.1524)
    (segment_width 0.2)
    (edge_width 0.15)
    (via_size 1)
    (via_drill 0.6)
    (via_min_size 0.6)
    (via_min_drill 0.254)
    (uvia_size 0.3)
    (uvia_drill 0.1)
    (uvias_allowed no)
    (uvia_min_size 0.2)
    (uvia_min_drill 0.1)
    (pcb_text_width 0.3)
    (pcb_text_size 1.5 1.5)
    (mod_edge_width 0.15)
    (mod_text_size 1 1)
    (mod_text_width 0.15)
    (pad_size 1.7 1.7)
    (pad_drill 1)
    (pad_to_mask_clearance 0.0508)
    (solder_mask_min_width 0.25)
    (aux_axis_origin 0 0)
    (visible_elements FFFFFF7F)
    (pcbplotparams
      (layerselection 0x010fc_ffffffff)
      (usegerberextensions false)
      (usegerberattributes false)
      (usegerberadvancedattributes false)
      (creategerberjobfile false)
      (excludeedgelayer true)
      (linewidth 0.100000)
      (plotframeref false)
      (viasonmask false)
      (mode 1)
      (useauxorigin false)
      (hpglpennumber 1)
      (hpglpenspeed 20)
      (hpglpendiameter 15.000000)
      (psnegative false)
      (psa4output false)
      (plotreference true)
      (plotvalue true)
      (plotinvisibletext false)
      (padsonsilk false)
      (subtractmaskfromsilk false)
      (outputformat 1)
      (mirror false)
      (drillshape 0)
      (scaleselection 1)
      (outputdirectory "plots/"))
  )

  (net 0 "")
  (net 1 GND)
  (net 2 3V3)
  (net 3 SCL)
  (net 4 SDA)
  (net 5 "Net-(R1-Pad2)")
  (net 6 "Net-(R2-Pad2)")
  (net 7 "Net-(R3-Pad2)")
  (net 8 "Net-(R5-Pad2)")
  (net 9 "Net-(R6-Pad1)")
  (net 10 "Net-(R7-Pad2)")
  (net 11 "Net-(R8-Pad2)")
  (net 12 "Net-(R10-Pad2)")
  (net 13 "Net-(R11-Pad1)")
  (net 14 "Net-(R13-Pad1)")
  (net 15 "Net-(U1-Pad6)")
  (net 16 "Net-(U2-Pad6)")
  (net 17 "Net-(U3-Pad6)")
  (net 18 "Net-(U4-Pad6)")
  (net 19 "Net-(U5-Pad6)")
  (net 20 "Net-(A1-Pad1)")
  (net 21 "Net-(A1-Pad17)")
  (net 22 "Net-(A1-Pad2)")
  (net 23 "Net-(A1-Pad18)")
  (net 24 "Net-(A1-Pad3)")
  (net 25 "Net-(A1-Pad19)")
  (net 26 "Net-(A1-Pad20)")
  (net 27 "Net-(A1-Pad5)")
  (net 28 "Net-(A1-Pad21)")
  (net 29 "Net-(A1-Pad22)")
  (net 30 "Net-(A1-Pad23)")
  (net 31 "Net-(A1-Pad8)")
  (net 32 "Net-(A1-Pad24)")
  (net 33 "Net-(A1-Pad9)")
  (net 34 "Net-(A1-Pad25)")
  (net 35 "Net-(A1-Pad10)")
  (net 36 "Net-(A1-Pad26)")
  (net 37 "Net-(A1-Pad11)")
  (net 38 "Net-(A1-Pad27)")
  (net 39 "Net-(A1-Pad12)")
  (net 40 "Net-(A1-Pad28)")
  (net 41 "Net-(A1-Pad13)")
  (net 42 "Net-(A1-Pad14)")
  (net 43 "Net-(A1-Pad30)")
  (net 44 "Net-(A1-Pad15)")
  (net 45 "Net-(A1-Pad16)")
  (net 46 "Net-(J1-Pad2)")
  (net 47 "Net-(J1-Pad4)")
  (net 48 "Net-(J1-Pad6)")
  (net 49 "Net-(J1-Pad8)")
  (net 50 "Net-(J1-Pad10)")
  (net 51 "Net-(J1-Pad12)")
  (net 52 "Net-(J1-Pad14)")
  (net 53 "Net-(J1-Pad16)")
  (net 54 "Net-(J2-Pad16)")
  (net 55 "Net-(J2-Pad14)")
  (net 56 "Net-(J2-Pad12)")
  (net 57 "Net-(J2-Pad10)")
  (net 58 "Net-(J2-Pad8)")
  (net 59 "Net-(J2-Pad6)")
  (net 60 "Net-(J2-Pad4)")
  (net 61 "Net-(J2-Pad2)")
  (net 62 "Net-(J3-Pad2)")
  (net 63 "Net-(J3-Pad4)")
  (net 64 "Net-(J3-Pad6)")
  (net 65 "Net-(J3-Pad8)")
  (net 66 "Net-(J3-Pad10)")
  (net 67 "Net-(J3-Pad12)")
  (net 68 "Net-(J3-Pad14)")
  (net 69 "Net-(J3-Pad16)")
  (net 70 "Net-(J4-Pad16)")
  (net 71 "Net-(J4-Pad14)")
  (net 72 "Net-(J4-Pad12)")
  (net 73 "Net-(J4-Pad10)")
  (net 74 "Net-(J4-Pad8)")
  (net 75 "Net-(J4-Pad6)")
  (net 76 "Net-(J4-Pad4)")
  (net 77 "Net-(J4-Pad2)")
  (net 78 "Net-(J9-Pad2)")
  (net 79 "Net-(J9-Pad4)")
  (net 80 "Net-(J9-Pad6)")
  (net 81 "Net-(J9-Pad8)")
  (net 82 "Net-(J9-Pad10)")
  (net 83 "Net-(J9-Pad12)")
  (net 84 "Net-(J9-Pad14)")
  (net 85 "Net-(J9-Pad16)")

  (net_class Default "This is the default net class."
    (clearance 0.1778)
    (trace_width 0.254)
    (via_dia 1)
    (via_drill 0.6)
    (uvia_dia 0.3)
    (uvia_drill 0.1)
    (add_net 3V3)
    (add_net GND)
    (add_net "Net-(A1-Pad1)")
    (add_net "Net-(A1-Pad10)")
    (add_net "Net-(A1-Pad11)")
    (add_net "Net-(A1-Pad12)")
    (add_net "Net-(A1-Pad13)")
    (add_net "Net-(A1-Pad14)")
    (add_net "Net-(A1-Pad15)")
    (add_net "Net-(A1-Pad16)")
    (add_net "Net-(A1-Pad17)")
    (add_net "Net-(A1-Pad18)")
    (add_net "Net-(A1-Pad19)")
    (add_net "Net-(A1-Pad2)")
    (add_net "Net-(A1-Pad20)")
    (add_net "Net-(A1-Pad21)")
    (add_net "Net-(A1-Pad22)")
    (add_net "Net-(A1-Pad23)")
    (add_net "Net-(A1-Pad24)")
    (add_net "Net-(A1-Pad25)")
    (add_net "Net-(A1-Pad26)")
    (add_net "Net-(A1-Pad27)")
    (add_net "Net-(A1-Pad28)")
    (add_net "Net-(A1-Pad3)")
    (add_net "Net-(A1-Pad30)")
    (add_net "Net-(A1-Pad5)")
    (add_net "Net-(A1-Pad8)")
    (add_net "Net-(A1-Pad9)")
    (add_net "Net-(J1-Pad10)")
    (add_net "Net-(J1-Pad12)")
    (add_net "Net-(J1-Pad14)")
    (add_net "Net-(J1-Pad16)")
    (add_net "Net-(J1-Pad2)")
    (add_net "Net-(J1-Pad4)")
    (add_net "Net-(J1-Pad6)")
    (add_net "Net-(J1-Pad8)")
    (add_net "Net-(J2-Pad10)")
    (add_net "Net-(J2-Pad12)")
    (add_net "Net-(J2-Pad14)")
    (add_net "Net-(J2-Pad16)")
    (add_net "Net-(J2-Pad2)")
    (add_net "Net-(J2-Pad4)")
    (add_net "Net-(J2-Pad6)")
    (add_net "Net-(J2-Pad8)")
    (add_net "Net-(J3-Pad10)")
    (add_net "Net-(J3-Pad12)")
    (add_net "Net-(J3-Pad14)")
    (add_net "Net-(J3-Pad16)")
    (add_net "Net-(J3-Pad2)")
    (add_net "Net-(J3-Pad4)")
    (add_net "Net-(J3-Pad6)")
    (add_net "Net-(J3-Pad8)")
    (add_net "Net-(J4-Pad10)")
    (add_net "Net-(J4-Pad12)")
    (add_net "Net-(J4-Pad14)")
    (add_net "Net-(J4-Pad16)")
    (add_net "Net-(J4-Pad2)")
    (add_net "Net-(J4-Pad4)")
    (add_net "Net-(J4-Pad6)")
    (add_net "Net-(J4-Pad8)")
    (add_net "Net-(J9-Pad10)")
    (add_net "Net-(J9-Pad12)")
    (add_net "Net-(J9-Pad14)")
    (add_net "Net-(J9-Pad16)")
    (add_net "Net-(J9-Pad2)")
    (add_net "Net-(J9-Pad4)")
    (add_net "Net-(J9-Pad6)")
    (add_net "Net-(J9-Pad8)")
    (add_net "Net-(R1-Pad2)")
    (add_net "Net-(R10-Pad2)")
    (add_net "Net-(R11-Pad1)")
    (add_net "Net-(R13-Pad1)")
    (add_net "Net-(R2-Pad2)")
    (add_net "Net-(R3-Pad2)")
    (add_net "Net-(R5-Pad2)")
    (add_net "Net-(R6-Pad1)")
    (add_net "Net-(R7-Pad2)")
    (add_net "Net-(R8-Pad2)")
    (add_net "Net-(U1-Pad6)")
    (add_net "Net-(U2-Pad6)")
    (add_net "Net-(U3-Pad6)")
    (add_net "Net-(U4-Pad6)")
    (add_net "Net-(U5-Pad6)")
    (add_net SCL)
    (add_net SDA)
  )

  (net_class Power ""
    (clearance 0.1778)
    (trace_width 0.254)
    (via_dia 1)
    (via_drill 0.6)
    (uvia_dia 0.3)
    (uvia_drill 0.1)
  )

  (module Module:Arduino_UNO_R3 (layer B.Cu) (tedit 58AB60FC) (tstamp 5C4CE4DF)
    (at 215.138 108.204 270)
    (descr "Arduino UNO R3, http://www.mouser.com/pdfdocs/Gravitech_Arduino_Nano3_0.pdf")
    (tags "Arduino UNO R3")
    (path /5C64288A)
    (fp_text reference A1 (at 1.27 3.81 90) (layer B.SilkS)
      (effects (font (size 1 1) (thickness 0.15)) (justify mirror))
    )
    (fp_text value Arduino_UNO_R3 (at 0 -22.86 270) (layer B.Fab)
      (effects (font (size 1 1) (thickness 0.15)) (justify mirror))
    )
    (fp_text user %R (at 0 -20.32 90) (layer B.Fab)
      (effects (font (size 1 1) (thickness 0.15)) (justify mirror))
    )
    (fp_line (start 38.35 2.79) (end 38.35 0) (layer B.CrtYd) (width 0.05))
    (fp_line (start 38.35 0) (end 40.89 -2.54) (layer B.CrtYd) (width 0.05))
    (fp_line (start 40.89 -2.54) (end 40.89 -35.31) (layer B.CrtYd) (width 0.05))
    (fp_line (start 40.89 -35.31) (end 38.35 -37.85) (layer B.CrtYd) (width 0.05))
    (fp_line (start 38.35 -37.85) (end 38.35 -49.28) (layer B.CrtYd) (width 0.05))
    (fp_line (start 38.35 -49.28) (end 36.58 -51.05) (layer B.CrtYd) (width 0.05))
    (fp_line (start 36.58 -51.05) (end -28.19 -51.05) (layer B.CrtYd) (width 0.05))
    (fp_line (start -28.19 -51.05) (end -28.19 -41.53) (layer B.CrtYd) (width 0.05))
    (fp_line (start -28.19 -41.53) (end -34.54 -41.53) (layer B.CrtYd) (width 0.05))
    (fp_line (start -34.54 -41.53) (end -34.54 -29.59) (layer B.CrtYd) (width 0.05))
    (fp_line (start -34.54 -29.59) (end -28.19 -29.59) (layer B.CrtYd) (width 0.05))
    (fp_line (start -28.19 -29.59) (end -28.19 -9.78) (layer B.CrtYd) (width 0.05))
    (fp_line (start -28.19 -9.78) (end -30.1 -9.78) (layer B.CrtYd) (width 0.05))
    (fp_line (start -30.1 -9.78) (end -30.1 -0.38) (layer B.CrtYd) (width 0.05))
    (fp_line (start -30.1 -0.38) (end -28.19 -0.38) (layer B.CrtYd) (width 0.05))
    (fp_line (start -28.19 -0.38) (end -28.19 2.79) (layer B.CrtYd) (width 0.05))
    (fp_line (start -28.19 2.79) (end 38.35 2.79) (layer B.CrtYd) (width 0.05))
    (fp_line (start 40.77 -35.31) (end 40.77 -2.54) (layer B.SilkS) (width 0.12))
    (fp_line (start 40.77 -2.54) (end 38.23 0) (layer B.SilkS) (width 0.12))
    (fp_line (start 38.23 0) (end 38.23 2.67) (layer B.SilkS) (width 0.12))
    (fp_line (start 38.23 2.67) (end -28.07 2.67) (layer B.SilkS) (width 0.12))
    (fp_line (start -28.07 2.67) (end -28.07 -0.51) (layer B.SilkS) (width 0.12))
    (fp_line (start -28.07 -0.51) (end -29.97 -0.51) (layer B.SilkS) (width 0.12))
    (fp_line (start -29.97 -0.51) (end -29.97 -9.65) (layer B.SilkS) (width 0.12))
    (fp_line (start -29.97 -9.65) (end -28.07 -9.65) (layer B.SilkS) (width 0.12))
    (fp_line (start -28.07 -9.65) (end -28.07 -29.72) (layer B.SilkS) (width 0.12))
    (fp_line (start -28.07 -29.72) (end -34.42 -29.72) (layer B.SilkS) (width 0.12))
    (fp_line (start -34.42 -29.72) (end -34.42 -41.4) (layer B.SilkS) (width 0.12))
    (fp_line (start -34.42 -41.4) (end -28.07 -41.4) (layer B.SilkS) (width 0.12))
    (fp_line (start -28.07 -41.4) (end -28.07 -50.93) (layer B.SilkS) (width 0.12))
    (fp_line (start -28.07 -50.93) (end 36.58 -50.93) (layer B.SilkS) (width 0.12))
    (fp_line (start 36.58 -50.93) (end 38.23 -49.28) (layer B.SilkS) (width 0.12))
    (fp_line (start 38.23 -49.28) (end 38.23 -37.85) (layer B.SilkS) (width 0.12))
    (fp_line (start 38.23 -37.85) (end 40.77 -35.31) (layer B.SilkS) (width 0.12))
    (fp_line (start -34.29 -29.84) (end -18.41 -29.84) (layer B.Fab) (width 0.1))
    (fp_line (start -18.41 -29.84) (end -18.41 -41.27) (layer B.Fab) (width 0.1))
    (fp_line (start -18.41 -41.27) (end -34.29 -41.27) (layer B.Fab) (width 0.1))
    (fp_line (start -34.29 -41.27) (end -34.29 -29.84) (layer B.Fab) (width 0.1))
    (fp_line (start -29.84 -0.64) (end -16.51 -0.64) (layer B.Fab) (width 0.1))
    (fp_line (start -16.51 -0.64) (end -16.51 -9.53) (layer B.Fab) (width 0.1))
    (fp_line (start -16.51 -9.53) (end -29.84 -9.53) (layer B.Fab) (width 0.1))
    (fp_line (start -29.84 -9.53) (end -29.84 -0.64) (layer B.Fab) (width 0.1))
    (fp_line (start 38.1 -37.85) (end 38.1 -49.28) (layer B.Fab) (width 0.1))
    (fp_line (start 40.64 -2.54) (end 40.64 -35.31) (layer B.Fab) (width 0.1))
    (fp_line (start 40.64 -35.31) (end 38.1 -37.85) (layer B.Fab) (width 0.1))
    (fp_line (start 38.1 2.54) (end 38.1 0) (layer B.Fab) (width 0.1))
    (fp_line (start 38.1 0) (end 40.64 -2.54) (layer B.Fab) (width 0.1))
    (fp_line (start 38.1 -49.28) (end 36.58 -50.8) (layer B.Fab) (width 0.1))
    (fp_line (start 36.58 -50.8) (end -27.94 -50.8) (layer B.Fab) (width 0.1))
    (fp_line (start -27.94 -50.8) (end -27.94 2.54) (layer B.Fab) (width 0.1))
    (fp_line (start -27.94 2.54) (end 38.1 2.54) (layer B.Fab) (width 0.1))
    (pad 32 thru_hole oval (at -9.14 -48.26 180) (size 1.6 1.6) (drill 0.8) (layers *.Cu *.Mask)
      (net 3 SCL))
    (pad 31 thru_hole oval (at -6.6 -48.26 180) (size 1.6 1.6) (drill 0.8) (layers *.Cu *.Mask)
      (net 4 SDA))
    (pad 1 thru_hole rect (at 0 0 180) (size 1.6 1.6) (drill 0.8) (layers *.Cu *.Mask)
      (net 20 "Net-(A1-Pad1)"))
    (pad 17 thru_hole oval (at 30.48 -48.26 180) (size 1.6 1.6) (drill 0.8) (layers *.Cu *.Mask)
      (net 21 "Net-(A1-Pad17)"))
    (pad 2 thru_hole oval (at 2.54 0 180) (size 1.6 1.6) (drill 0.8) (layers *.Cu *.Mask)
      (net 22 "Net-(A1-Pad2)"))
    (pad 18 thru_hole oval (at 27.94 -48.26 180) (size 1.6 1.6) (drill 0.8) (layers *.Cu *.Mask)
      (net 23 "Net-(A1-Pad18)"))
    (pad 3 thru_hole oval (at 5.08 0 180) (size 1.6 1.6) (drill 0.8) (layers *.Cu *.Mask)
      (net 24 "Net-(A1-Pad3)"))
    (pad 19 thru_hole oval (at 25.4 -48.26 180) (size 1.6 1.6) (drill 0.8) (layers *.Cu *.Mask)
      (net 25 "Net-(A1-Pad19)"))
    (pad 4 thru_hole oval (at 7.62 0 180) (size 1.6 1.6) (drill 0.8) (layers *.Cu *.Mask)
      (net 2 3V3))
    (pad 20 thru_hole oval (at 22.86 -48.26 180) (size 1.6 1.6) (drill 0.8) (layers *.Cu *.Mask)
      (net 26 "Net-(A1-Pad20)"))
    (pad 5 thru_hole oval (at 10.16 0 180) (size 1.6 1.6) (drill 0.8) (layers *.Cu *.Mask)
      (net 27 "Net-(A1-Pad5)"))
    (pad 21 thru_hole oval (at 20.32 -48.26 180) (size 1.6 1.6) (drill 0.8) (layers *.Cu *.Mask)
      (net 28 "Net-(A1-Pad21)"))
    (pad 6 thru_hole oval (at 12.7 0 180) (size 1.6 1.6) (drill 0.8) (layers *.Cu *.Mask)
      (net 1 GND))
    (pad 22 thru_hole oval (at 17.78 -48.26 180) (size 1.6 1.6) (drill 0.8) (layers *.Cu *.Mask)
      (net 29 "Net-(A1-Pad22)"))
    (pad 7 thru_hole oval (at 15.24 0 180) (size 1.6 1.6) (drill 0.8) (layers *.Cu *.Mask)
      (net 1 GND))
    (pad 23 thru_hole oval (at 13.72 -48.26 180) (size 1.6 1.6) (drill 0.8) (layers *.Cu *.Mask)
      (net 30 "Net-(A1-Pad23)"))
    (pad 8 thru_hole oval (at 17.78 0 180) (size 1.6 1.6) (drill 0.8) (layers *.Cu *.Mask)
      (net 31 "Net-(A1-Pad8)"))
    (pad 24 thru_hole oval (at 11.18 -48.26 180) (size 1.6 1.6) (drill 0.8) (layers *.Cu *.Mask)
      (net 32 "Net-(A1-Pad24)"))
    (pad 9 thru_hole oval (at 22.86 0 180) (size 1.6 1.6) (drill 0.8) (layers *.Cu *.Mask)
      (net 33 "Net-(A1-Pad9)"))
    (pad 25 thru_hole oval (at 8.64 -48.26 180) (size 1.6 1.6) (drill 0.8) (layers *.Cu *.Mask)
      (net 34 "Net-(A1-Pad25)"))
    (pad 10 thru_hole oval (at 25.4 0 180) (size 1.6 1.6) (drill 0.8) (layers *.Cu *.Mask)
      (net 35 "Net-(A1-Pad10)"))
    (pad 26 thru_hole oval (at 6.1 -48.26 180) (size 1.6 1.6) (drill 0.8) (layers *.Cu *.Mask)
      (net 36 "Net-(A1-Pad26)"))
    (pad 11 thru_hole oval (at 27.94 0 180) (size 1.6 1.6) (drill 0.8) (layers *.Cu *.Mask)
      (net 37 "Net-(A1-Pad11)"))
    (pad 27 thru_hole oval (at 3.56 -48.26 180) (size 1.6 1.6) (drill 0.8) (layers *.Cu *.Mask)
      (net 38 "Net-(A1-Pad27)"))
    (pad 12 thru_hole oval (at 30.48 0 180) (size 1.6 1.6) (drill 0.8) (layers *.Cu *.Mask)
      (net 39 "Net-(A1-Pad12)"))
    (pad 28 thru_hole oval (at 1.02 -48.26 180) (size 1.6 1.6) (drill 0.8) (layers *.Cu *.Mask)
      (net 40 "Net-(A1-Pad28)"))
    (pad 13 thru_hole oval (at 33.02 0 180) (size 1.6 1.6) (drill 0.8) (layers *.Cu *.Mask)
      (net 41 "Net-(A1-Pad13)"))
    (pad 29 thru_hole oval (at -1.52 -48.26 180) (size 1.6 1.6) (drill 0.8) (layers *.Cu *.Mask)
      (net 1 GND))
    (pad 14 thru_hole oval (at 35.56 0 180) (size 1.6 1.6) (drill 0.8) (layers *.Cu *.Mask)
      (net 42 "Net-(A1-Pad14)"))
    (pad 30 thru_hole oval (at -4.06 -48.26 180) (size 1.6 1.6) (drill 0.8) (layers *.Cu *.Mask)
      (net 43 "Net-(A1-Pad30)"))
    (pad 15 thru_hole oval (at 35.56 -48.26 180) (size 1.6 1.6) (drill 0.8) (layers *.Cu *.Mask)
      (net 44 "Net-(A1-Pad15)"))
    (pad 16 thru_hole oval (at 33.02 -48.26 180) (size 1.6 1.6) (drill 0.8) (layers *.Cu *.Mask)
      (net 45 "Net-(A1-Pad16)"))
    (model ${KISYS3DMOD}/Module.3dshapes/Arduino_UNO_R3.wrl
      (at (xyz 0 0 0))
      (scale (xyz 1 1 1))
      (rotate (xyz 0 0 0))
    )
  )

  (module Capacitor_SMD:C_1210_3225Metric_Pad1.42x2.65mm_HandSolder (layer F.Cu) (tedit 5B301BBE) (tstamp 5C55D85B)
    (at 256.3225 110.744)
    (descr "Capacitor SMD 1210 (3225 Metric), square (rectangular) end terminal, IPC_7351 nominal with elongated pad for handsoldering. (Body size source: http://www.tortai-tech.com/upload/download/2011102023233369053.pdf), generated with kicad-footprint-generator")
    (tags "capacitor handsolder")
    (path /5C17FAAC)
    (attr smd)
    (fp_text reference C3 (at 3.5195 0) (layer F.SilkS)
      (effects (font (size 1 1) (thickness 0.15)))
    )
    (fp_text value "0.1U CERAMIC" (at 0 2.28) (layer F.Fab)
      (effects (font (size 1 1) (thickness 0.15)))
    )
    (fp_line (start -1.6 1.25) (end -1.6 -1.25) (layer F.Fab) (width 0.1))
    (fp_line (start -1.6 -1.25) (end 1.6 -1.25) (layer F.Fab) (width 0.1))
    (fp_line (start 1.6 -1.25) (end 1.6 1.25) (layer F.Fab) (width 0.1))
    (fp_line (start 1.6 1.25) (end -1.6 1.25) (layer F.Fab) (width 0.1))
    (fp_line (start -0.602064 -1.36) (end 0.602064 -1.36) (layer F.SilkS) (width 0.12))
    (fp_line (start -0.602064 1.36) (end 0.602064 1.36) (layer F.SilkS) (width 0.12))
    (fp_line (start -2.45 1.58) (end -2.45 -1.58) (layer F.CrtYd) (width 0.05))
    (fp_line (start -2.45 -1.58) (end 2.45 -1.58) (layer F.CrtYd) (width 0.05))
    (fp_line (start 2.45 -1.58) (end 2.45 1.58) (layer F.CrtYd) (width 0.05))
    (fp_line (start 2.45 1.58) (end -2.45 1.58) (layer F.CrtYd) (width 0.05))
    (fp_text user %R (at 0 0) (layer F.Fab)
      (effects (font (size 0.8 0.8) (thickness 0.12)))
    )
    (pad 1 smd roundrect (at -1.4875 0) (size 1.425 2.65) (layers F.Cu F.Paste F.Mask) (roundrect_rratio 0.175439)
      (net 2 3V3))
    (pad 2 smd roundrect (at 1.4875 0) (size 1.425 2.65) (layers F.Cu F.Paste F.Mask) (roundrect_rratio 0.175439)
      (net 1 GND))
    (model ${KISYS3DMOD}/Capacitor_SMD.3dshapes/C_1210_3225Metric.wrl
      (at (xyz 0 0 0))
      (scale (xyz 1 1 1))
      (rotate (xyz 0 0 0))
    )
  )

  (module Capacitor_SMD:C_1210_3225Metric_Pad1.42x2.65mm_HandSolder (layer F.Cu) (tedit 5B301BBE) (tstamp 5C55D80A)
    (at 256.3225 114.808)
    (descr "Capacitor SMD 1210 (3225 Metric), square (rectangular) end terminal, IPC_7351 nominal with elongated pad for handsoldering. (Body size source: http://www.tortai-tech.com/upload/download/2011102023233369053.pdf), generated with kicad-footprint-generator")
    (tags "capacitor handsolder")
    (path /5C1842C0)
    (attr smd)
    (fp_text reference C4 (at 3.5195 0) (layer F.SilkS)
      (effects (font (size 1 1) (thickness 0.15)))
    )
    (fp_text value "0.1U CERAMIC" (at 0 2.28) (layer F.Fab)
      (effects (font (size 1 1) (thickness 0.15)))
    )
    (fp_text user %R (at 0 0) (layer F.Fab)
      (effects (font (size 0.8 0.8) (thickness 0.12)))
    )
    (fp_line (start 2.45 1.58) (end -2.45 1.58) (layer F.CrtYd) (width 0.05))
    (fp_line (start 2.45 -1.58) (end 2.45 1.58) (layer F.CrtYd) (width 0.05))
    (fp_line (start -2.45 -1.58) (end 2.45 -1.58) (layer F.CrtYd) (width 0.05))
    (fp_line (start -2.45 1.58) (end -2.45 -1.58) (layer F.CrtYd) (width 0.05))
    (fp_line (start -0.602064 1.36) (end 0.602064 1.36) (layer F.SilkS) (width 0.12))
    (fp_line (start -0.602064 -1.36) (end 0.602064 -1.36) (layer F.SilkS) (width 0.12))
    (fp_line (start 1.6 1.25) (end -1.6 1.25) (layer F.Fab) (width 0.1))
    (fp_line (start 1.6 -1.25) (end 1.6 1.25) (layer F.Fab) (width 0.1))
    (fp_line (start -1.6 -1.25) (end 1.6 -1.25) (layer F.Fab) (width 0.1))
    (fp_line (start -1.6 1.25) (end -1.6 -1.25) (layer F.Fab) (width 0.1))
    (pad 2 smd roundrect (at 1.4875 0) (size 1.425 2.65) (layers F.Cu F.Paste F.Mask) (roundrect_rratio 0.175439)
      (net 1 GND))
    (pad 1 smd roundrect (at -1.4875 0) (size 1.425 2.65) (layers F.Cu F.Paste F.Mask) (roundrect_rratio 0.175439)
      (net 2 3V3))
    (model ${KISYS3DMOD}/Capacitor_SMD.3dshapes/C_1210_3225Metric.wrl
      (at (xyz 0 0 0))
      (scale (xyz 1 1 1))
      (rotate (xyz 0 0 0))
    )
  )

  (module Capacitor_SMD:C_1210_3225Metric_Pad1.42x2.65mm_HandSolder (layer F.Cu) (tedit 5B301BBE) (tstamp 5C57FDB9)
    (at 245.4005 114.808 180)
    (descr "Capacitor SMD 1210 (3225 Metric), square (rectangular) end terminal, IPC_7351 nominal with elongated pad for handsoldering. (Body size source: http://www.tortai-tech.com/upload/download/2011102023233369053.pdf), generated with kicad-footprint-generator")
    (tags "capacitor handsolder")
    (path /5C17FA96)
    (attr smd)
    (fp_text reference C6 (at -3.7735 0 180) (layer F.SilkS)
      (effects (font (size 1 1) (thickness 0.15)))
    )
    (fp_text value "0.1U CERAMIC" (at 0 2.28 180) (layer F.Fab)
      (effects (font (size 1 1) (thickness 0.15)))
    )
    (fp_line (start -1.6 1.25) (end -1.6 -1.25) (layer F.Fab) (width 0.1))
    (fp_line (start -1.6 -1.25) (end 1.6 -1.25) (layer F.Fab) (width 0.1))
    (fp_line (start 1.6 -1.25) (end 1.6 1.25) (layer F.Fab) (width 0.1))
    (fp_line (start 1.6 1.25) (end -1.6 1.25) (layer F.Fab) (width 0.1))
    (fp_line (start -0.602064 -1.36) (end 0.602064 -1.36) (layer F.SilkS) (width 0.12))
    (fp_line (start -0.602064 1.36) (end 0.602064 1.36) (layer F.SilkS) (width 0.12))
    (fp_line (start -2.45 1.58) (end -2.45 -1.58) (layer F.CrtYd) (width 0.05))
    (fp_line (start -2.45 -1.58) (end 2.45 -1.58) (layer F.CrtYd) (width 0.05))
    (fp_line (start 2.45 -1.58) (end 2.45 1.58) (layer F.CrtYd) (width 0.05))
    (fp_line (start 2.45 1.58) (end -2.45 1.58) (layer F.CrtYd) (width 0.05))
    (fp_text user %R (at 0 0 180) (layer F.Fab)
      (effects (font (size 0.8 0.8) (thickness 0.12)))
    )
    (pad 1 smd roundrect (at -1.4875 0 180) (size 1.425 2.65) (layers F.Cu F.Paste F.Mask) (roundrect_rratio 0.175439)
      (net 1 GND))
    (pad 2 smd roundrect (at 1.4875 0 180) (size 1.425 2.65) (layers F.Cu F.Paste F.Mask) (roundrect_rratio 0.175439)
      (net 2 3V3))
    (model ${KISYS3DMOD}/Capacitor_SMD.3dshapes/C_1210_3225Metric.wrl
      (at (xyz 0 0 0))
      (scale (xyz 1 1 1))
      (rotate (xyz 0 0 0))
    )
  )

  (module Capacitor_SMD:C_1210_3225Metric_Pad1.42x2.65mm_HandSolder (layer F.Cu) (tedit 5B301BBE) (tstamp 5C4CC69F)
    (at 245.4005 110.744 180)
    (descr "Capacitor SMD 1210 (3225 Metric), square (rectangular) end terminal, IPC_7351 nominal with elongated pad for handsoldering. (Body size source: http://www.tortai-tech.com/upload/download/2011102023233369053.pdf), generated with kicad-footprint-generator")
    (tags "capacitor handsolder")
    (path /5C1842AA)
    (attr smd)
    (fp_text reference C8 (at -3.7735 0 180) (layer F.SilkS)
      (effects (font (size 1 1) (thickness 0.15)))
    )
    (fp_text value "0.1U CERAMIC" (at 0 2.28 180) (layer F.Fab)
      (effects (font (size 1 1) (thickness 0.15)))
    )
    (fp_text user %R (at 0 0 180) (layer F.Fab)
      (effects (font (size 0.8 0.8) (thickness 0.12)))
    )
    (fp_line (start 2.45 1.58) (end -2.45 1.58) (layer F.CrtYd) (width 0.05))
    (fp_line (start 2.45 -1.58) (end 2.45 1.58) (layer F.CrtYd) (width 0.05))
    (fp_line (start -2.45 -1.58) (end 2.45 -1.58) (layer F.CrtYd) (width 0.05))
    (fp_line (start -2.45 1.58) (end -2.45 -1.58) (layer F.CrtYd) (width 0.05))
    (fp_line (start -0.602064 1.36) (end 0.602064 1.36) (layer F.SilkS) (width 0.12))
    (fp_line (start -0.602064 -1.36) (end 0.602064 -1.36) (layer F.SilkS) (width 0.12))
    (fp_line (start 1.6 1.25) (end -1.6 1.25) (layer F.Fab) (width 0.1))
    (fp_line (start 1.6 -1.25) (end 1.6 1.25) (layer F.Fab) (width 0.1))
    (fp_line (start -1.6 -1.25) (end 1.6 -1.25) (layer F.Fab) (width 0.1))
    (fp_line (start -1.6 1.25) (end -1.6 -1.25) (layer F.Fab) (width 0.1))
    (pad 2 smd roundrect (at 1.4875 0 180) (size 1.425 2.65) (layers F.Cu F.Paste F.Mask) (roundrect_rratio 0.175439)
      (net 2 3V3))
    (pad 1 smd roundrect (at -1.4875 0 180) (size 1.425 2.65) (layers F.Cu F.Paste F.Mask) (roundrect_rratio 0.175439)
      (net 1 GND))
    (model ${KISYS3DMOD}/Capacitor_SMD.3dshapes/C_1210_3225Metric.wrl
      (at (xyz 0 0 0))
      (scale (xyz 1 1 1))
      (rotate (xyz 0 0 0))
    )
  )

  (module Capacitor_SMD:C_1210_3225Metric_Pad1.42x2.65mm_HandSolder (layer F.Cu) (tedit 5B301BBE) (tstamp 5C55DD21)
    (at 234.4785 114.808)
    (descr "Capacitor SMD 1210 (3225 Metric), square (rectangular) end terminal, IPC_7351 nominal with elongated pad for handsoldering. (Body size source: http://www.tortai-tech.com/upload/download/2011102023233369053.pdf), generated with kicad-footprint-generator")
    (tags "capacitor handsolder")
    (path /5BF62DDB)
    (attr smd)
    (fp_text reference C11 (at 4.0275 0) (layer F.SilkS)
      (effects (font (size 1 1) (thickness 0.15)))
    )
    (fp_text value "0.1U CERAMIC" (at 0 2.28) (layer F.Fab)
      (effects (font (size 1 1) (thickness 0.15)))
    )
    (fp_line (start -1.6 1.25) (end -1.6 -1.25) (layer F.Fab) (width 0.1))
    (fp_line (start -1.6 -1.25) (end 1.6 -1.25) (layer F.Fab) (width 0.1))
    (fp_line (start 1.6 -1.25) (end 1.6 1.25) (layer F.Fab) (width 0.1))
    (fp_line (start 1.6 1.25) (end -1.6 1.25) (layer F.Fab) (width 0.1))
    (fp_line (start -0.602064 -1.36) (end 0.602064 -1.36) (layer F.SilkS) (width 0.12))
    (fp_line (start -0.602064 1.36) (end 0.602064 1.36) (layer F.SilkS) (width 0.12))
    (fp_line (start -2.45 1.58) (end -2.45 -1.58) (layer F.CrtYd) (width 0.05))
    (fp_line (start -2.45 -1.58) (end 2.45 -1.58) (layer F.CrtYd) (width 0.05))
    (fp_line (start 2.45 -1.58) (end 2.45 1.58) (layer F.CrtYd) (width 0.05))
    (fp_line (start 2.45 1.58) (end -2.45 1.58) (layer F.CrtYd) (width 0.05))
    (fp_text user %R (at 0 0) (layer F.Fab)
      (effects (font (size 0.8 0.8) (thickness 0.12)))
    )
    (pad 1 smd roundrect (at -1.4875 0) (size 1.425 2.65) (layers F.Cu F.Paste F.Mask) (roundrect_rratio 0.175439)
      (net 2 3V3))
    (pad 2 smd roundrect (at 1.4875 0) (size 1.425 2.65) (layers F.Cu F.Paste F.Mask) (roundrect_rratio 0.175439)
      (net 1 GND))
    (model ${KISYS3DMOD}/Capacitor_SMD.3dshapes/C_1210_3225Metric.wrl
      (at (xyz 0 0 0))
      (scale (xyz 1 1 1))
      (rotate (xyz 0 0 0))
    )
  )

  (module Capacitor_SMD:C_1210_3225Metric_Pad1.42x2.65mm_HandSolder (layer F.Cu) (tedit 5B301BBE) (tstamp 5C4C3983)
    (at 234.4785 110.744)
    (descr "Capacitor SMD 1210 (3225 Metric), square (rectangular) end terminal, IPC_7351 nominal with elongated pad for handsoldering. (Body size source: http://www.tortai-tech.com/upload/download/2011102023233369053.pdf), generated with kicad-footprint-generator")
    (tags "capacitor handsolder")
    (path /5C19E804)
    (attr smd)
    (fp_text reference C12 (at 4.0275 0) (layer F.SilkS)
      (effects (font (size 1 1) (thickness 0.15)))
    )
    (fp_text value "0.1U CERAMIC" (at 0 2.28) (layer F.Fab)
      (effects (font (size 1 1) (thickness 0.15)))
    )
    (fp_text user %R (at 0 0) (layer F.Fab)
      (effects (font (size 0.8 0.8) (thickness 0.12)))
    )
    (fp_line (start 2.45 1.58) (end -2.45 1.58) (layer F.CrtYd) (width 0.05))
    (fp_line (start 2.45 -1.58) (end 2.45 1.58) (layer F.CrtYd) (width 0.05))
    (fp_line (start -2.45 -1.58) (end 2.45 -1.58) (layer F.CrtYd) (width 0.05))
    (fp_line (start -2.45 1.58) (end -2.45 -1.58) (layer F.CrtYd) (width 0.05))
    (fp_line (start -0.602064 1.36) (end 0.602064 1.36) (layer F.SilkS) (width 0.12))
    (fp_line (start -0.602064 -1.36) (end 0.602064 -1.36) (layer F.SilkS) (width 0.12))
    (fp_line (start 1.6 1.25) (end -1.6 1.25) (layer F.Fab) (width 0.1))
    (fp_line (start 1.6 -1.25) (end 1.6 1.25) (layer F.Fab) (width 0.1))
    (fp_line (start -1.6 -1.25) (end 1.6 -1.25) (layer F.Fab) (width 0.1))
    (fp_line (start -1.6 1.25) (end -1.6 -1.25) (layer F.Fab) (width 0.1))
    (pad 2 smd roundrect (at 1.4875 0) (size 1.425 2.65) (layers F.Cu F.Paste F.Mask) (roundrect_rratio 0.175439)
      (net 1 GND))
    (pad 1 smd roundrect (at -1.4875 0) (size 1.425 2.65) (layers F.Cu F.Paste F.Mask) (roundrect_rratio 0.175439)
      (net 2 3V3))
    (model ${KISYS3DMOD}/Capacitor_SMD.3dshapes/C_1210_3225Metric.wrl
      (at (xyz 0 0 0))
      (scale (xyz 1 1 1))
      (rotate (xyz 0 0 0))
    )
  )

  (module Capacitor_SMD:C_1210_3225Metric_Pad1.42x2.65mm_HandSolder (layer F.Cu) (tedit 5B301BBE) (tstamp 5C4C39A7)
    (at 222.985 114.808 180)
    (descr "Capacitor SMD 1210 (3225 Metric), square (rectangular) end terminal, IPC_7351 nominal with elongated pad for handsoldering. (Body size source: http://www.tortai-tech.com/upload/download/2011102023233369053.pdf), generated with kicad-footprint-generator")
    (tags "capacitor handsolder")
    (path /5BF50F7F)
    (attr smd)
    (fp_text reference C14 (at -4.091 0 180) (layer F.SilkS)
      (effects (font (size 1 1) (thickness 0.15)))
    )
    (fp_text value "0.1U CERAMIC" (at 0 2.28 180) (layer F.Fab)
      (effects (font (size 1 1) (thickness 0.15)))
    )
    (fp_text user %R (at 0 0 180) (layer F.Fab)
      (effects (font (size 0.8 0.8) (thickness 0.12)))
    )
    (fp_line (start 2.45 1.58) (end -2.45 1.58) (layer F.CrtYd) (width 0.05))
    (fp_line (start 2.45 -1.58) (end 2.45 1.58) (layer F.CrtYd) (width 0.05))
    (fp_line (start -2.45 -1.58) (end 2.45 -1.58) (layer F.CrtYd) (width 0.05))
    (fp_line (start -2.45 1.58) (end -2.45 -1.58) (layer F.CrtYd) (width 0.05))
    (fp_line (start -0.602064 1.36) (end 0.602064 1.36) (layer F.SilkS) (width 0.12))
    (fp_line (start -0.602064 -1.36) (end 0.602064 -1.36) (layer F.SilkS) (width 0.12))
    (fp_line (start 1.6 1.25) (end -1.6 1.25) (layer F.Fab) (width 0.1))
    (fp_line (start 1.6 -1.25) (end 1.6 1.25) (layer F.Fab) (width 0.1))
    (fp_line (start -1.6 -1.25) (end 1.6 -1.25) (layer F.Fab) (width 0.1))
    (fp_line (start -1.6 1.25) (end -1.6 -1.25) (layer F.Fab) (width 0.1))
    (pad 2 smd roundrect (at 1.4875 0 180) (size 1.425 2.65) (layers F.Cu F.Paste F.Mask) (roundrect_rratio 0.175439)
      (net 2 3V3))
    (pad 1 smd roundrect (at -1.4875 0 180) (size 1.425 2.65) (layers F.Cu F.Paste F.Mask) (roundrect_rratio 0.175439)
      (net 1 GND))
    (model ${KISYS3DMOD}/Capacitor_SMD.3dshapes/C_1210_3225Metric.wrl
      (at (xyz 0 0 0))
      (scale (xyz 1 1 1))
      (rotate (xyz 0 0 0))
    )
  )

  (module Capacitor_SMD:C_1210_3225Metric_Pad1.42x2.65mm_HandSolder (layer F.Cu) (tedit 5B301BBE) (tstamp 5C57FDE9)
    (at 222.985 110.6805 180)
    (descr "Capacitor SMD 1210 (3225 Metric), square (rectangular) end terminal, IPC_7351 nominal with elongated pad for handsoldering. (Body size source: http://www.tortai-tech.com/upload/download/2011102023233369053.pdf), generated with kicad-footprint-generator")
    (tags "capacitor handsolder")
    (path /5C19E7EE)
    (attr smd)
    (fp_text reference C16 (at -4.091 -0.0635 180) (layer F.SilkS)
      (effects (font (size 1 1) (thickness 0.15)))
    )
    (fp_text value "0.1U CERAMIC" (at 0 2.28 180) (layer F.Fab)
      (effects (font (size 1 1) (thickness 0.15)))
    )
    (fp_line (start -1.6 1.25) (end -1.6 -1.25) (layer F.Fab) (width 0.1))
    (fp_line (start -1.6 -1.25) (end 1.6 -1.25) (layer F.Fab) (width 0.1))
    (fp_line (start 1.6 -1.25) (end 1.6 1.25) (layer F.Fab) (width 0.1))
    (fp_line (start 1.6 1.25) (end -1.6 1.25) (layer F.Fab) (width 0.1))
    (fp_line (start -0.602064 -1.36) (end 0.602064 -1.36) (layer F.SilkS) (width 0.12))
    (fp_line (start -0.602064 1.36) (end 0.602064 1.36) (layer F.SilkS) (width 0.12))
    (fp_line (start -2.45 1.58) (end -2.45 -1.58) (layer F.CrtYd) (width 0.05))
    (fp_line (start -2.45 -1.58) (end 2.45 -1.58) (layer F.CrtYd) (width 0.05))
    (fp_line (start 2.45 -1.58) (end 2.45 1.58) (layer F.CrtYd) (width 0.05))
    (fp_line (start 2.45 1.58) (end -2.45 1.58) (layer F.CrtYd) (width 0.05))
    (fp_text user %R (at 0 0 180) (layer F.Fab)
      (effects (font (size 0.8 0.8) (thickness 0.12)))
    )
    (pad 1 smd roundrect (at -1.4875 0 180) (size 1.425 2.65) (layers F.Cu F.Paste F.Mask) (roundrect_rratio 0.175439)
      (net 1 GND))
    (pad 2 smd roundrect (at 1.4875 0 180) (size 1.425 2.65) (layers F.Cu F.Paste F.Mask) (roundrect_rratio 0.175439)
      (net 2 3V3))
    (model ${KISYS3DMOD}/Capacitor_SMD.3dshapes/C_1210_3225Metric.wrl
      (at (xyz 0 0 0))
      (scale (xyz 1 1 1))
      (rotate (xyz 0 0 0))
    )
  )

  (module Capacitor_SMD:C_1210_3225Metric_Pad1.42x2.65mm_HandSolder (layer F.Cu) (tedit 5B301BBE) (tstamp 5C4C3A13)
    (at 244.6385 104.0765 180)
    (descr "Capacitor SMD 1210 (3225 Metric), square (rectangular) end terminal, IPC_7351 nominal with elongated pad for handsoldering. (Body size source: http://www.tortai-tech.com/upload/download/2011102023233369053.pdf), generated with kicad-footprint-generator")
    (tags "capacitor handsolder")
    (path /5C18D0E3)
    (attr smd)
    (fp_text reference C20 (at 0.0365 -2.6035 180) (layer F.SilkS)
      (effects (font (size 1 1) (thickness 0.15)))
    )
    (fp_text value "0.1U CERAMIC" (at 0 2.28 180) (layer F.Fab)
      (effects (font (size 1 1) (thickness 0.15)))
    )
    (fp_line (start -1.6 1.25) (end -1.6 -1.25) (layer F.Fab) (width 0.1))
    (fp_line (start -1.6 -1.25) (end 1.6 -1.25) (layer F.Fab) (width 0.1))
    (fp_line (start 1.6 -1.25) (end 1.6 1.25) (layer F.Fab) (width 0.1))
    (fp_line (start 1.6 1.25) (end -1.6 1.25) (layer F.Fab) (width 0.1))
    (fp_line (start -0.602064 -1.36) (end 0.602064 -1.36) (layer F.SilkS) (width 0.12))
    (fp_line (start -0.602064 1.36) (end 0.602064 1.36) (layer F.SilkS) (width 0.12))
    (fp_line (start -2.45 1.58) (end -2.45 -1.58) (layer F.CrtYd) (width 0.05))
    (fp_line (start -2.45 -1.58) (end 2.45 -1.58) (layer F.CrtYd) (width 0.05))
    (fp_line (start 2.45 -1.58) (end 2.45 1.58) (layer F.CrtYd) (width 0.05))
    (fp_line (start 2.45 1.58) (end -2.45 1.58) (layer F.CrtYd) (width 0.05))
    (fp_text user %R (at 0 0 180) (layer F.Fab)
      (effects (font (size 0.8 0.8) (thickness 0.12)))
    )
    (pad 1 smd roundrect (at -1.4875 0 180) (size 1.425 2.65) (layers F.Cu F.Paste F.Mask) (roundrect_rratio 0.175439)
      (net 1 GND))
    (pad 2 smd roundrect (at 1.4875 0 180) (size 1.425 2.65) (layers F.Cu F.Paste F.Mask) (roundrect_rratio 0.175439)
      (net 2 3V3))
    (model ${KISYS3DMOD}/Capacitor_SMD.3dshapes/C_1210_3225Metric.wrl
      (at (xyz 0 0 0))
      (scale (xyz 1 1 1))
      (rotate (xyz 0 0 0))
    )
  )

  (module Resistor_SMD:R_0805_2012Metric_Pad1.15x1.40mm_HandSolder (layer B.Cu) (tedit 5B36C52B) (tstamp 5C4C3B52)
    (at 260.858 112.005 270)
    (descr "Resistor SMD 0805 (2012 Metric), square (rectangular) end terminal, IPC_7351 nominal with elongated pad for handsoldering. (Body size source: https://docs.google.com/spreadsheets/d/1BsfQQcO9C6DZCsRaXUlFlo91Tg2WpOkGARC1WS5S8t0/edit?usp=sharing), generated with kicad-footprint-generator")
    (tags "resistor handsolder")
    (path /5CD49CE0)
    (attr smd)
    (fp_text reference R1 (at -3.293 0 270) (layer B.SilkS)
      (effects (font (size 1 1) (thickness 0.15)) (justify mirror))
    )
    (fp_text value 1K (at 0 -1.65 270) (layer B.Fab)
      (effects (font (size 1 1) (thickness 0.15)) (justify mirror))
    )
    (fp_line (start -1 -0.6) (end -1 0.6) (layer B.Fab) (width 0.1))
    (fp_line (start -1 0.6) (end 1 0.6) (layer B.Fab) (width 0.1))
    (fp_line (start 1 0.6) (end 1 -0.6) (layer B.Fab) (width 0.1))
    (fp_line (start 1 -0.6) (end -1 -0.6) (layer B.Fab) (width 0.1))
    (fp_line (start -0.261252 0.71) (end 0.261252 0.71) (layer B.SilkS) (width 0.12))
    (fp_line (start -0.261252 -0.71) (end 0.261252 -0.71) (layer B.SilkS) (width 0.12))
    (fp_line (start -1.85 -0.95) (end -1.85 0.95) (layer B.CrtYd) (width 0.05))
    (fp_line (start -1.85 0.95) (end 1.85 0.95) (layer B.CrtYd) (width 0.05))
    (fp_line (start 1.85 0.95) (end 1.85 -0.95) (layer B.CrtYd) (width 0.05))
    (fp_line (start 1.85 -0.95) (end -1.85 -0.95) (layer B.CrtYd) (width 0.05))
    (fp_text user %R (at 0 0 270) (layer B.Fab)
      (effects (font (size 0.5 0.5) (thickness 0.08)) (justify mirror))
    )
    (pad 1 smd roundrect (at -1.025 0 270) (size 1.15 1.4) (layers B.Cu B.Paste B.Mask) (roundrect_rratio 0.217391)
      (net 1 GND))
    (pad 2 smd roundrect (at 1.025 0 270) (size 1.15 1.4) (layers B.Cu B.Paste B.Mask) (roundrect_rratio 0.217391)
      (net 5 "Net-(R1-Pad2)"))
    (model ${KISYS3DMOD}/Resistor_SMD.3dshapes/R_0805_2012Metric.wrl
      (at (xyz 0 0 0))
      (scale (xyz 1 1 1))
      (rotate (xyz 0 0 0))
    )
  )

  (module Resistor_SMD:R_0805_2012Metric_Pad1.15x1.40mm_HandSolder (layer B.Cu) (tedit 5B36C52B) (tstamp 5C4C3B63)
    (at 260.858 116.595 90)
    (descr "Resistor SMD 0805 (2012 Metric), square (rectangular) end terminal, IPC_7351 nominal with elongated pad for handsoldering. (Body size source: https://docs.google.com/spreadsheets/d/1BsfQQcO9C6DZCsRaXUlFlo91Tg2WpOkGARC1WS5S8t0/edit?usp=sharing), generated with kicad-footprint-generator")
    (tags "resistor handsolder")
    (path /5CD063A2)
    (attr smd)
    (fp_text reference R2 (at -3.039 0 90) (layer B.SilkS)
      (effects (font (size 1 1) (thickness 0.15)) (justify mirror))
    )
    (fp_text value 1K (at 0 -1.65 90) (layer B.Fab)
      (effects (font (size 1 1) (thickness 0.15)) (justify mirror))
    )
    (fp_text user %R (at 0 0 90) (layer B.Fab)
      (effects (font (size 0.5 0.5) (thickness 0.08)) (justify mirror))
    )
    (fp_line (start 1.85 -0.95) (end -1.85 -0.95) (layer B.CrtYd) (width 0.05))
    (fp_line (start 1.85 0.95) (end 1.85 -0.95) (layer B.CrtYd) (width 0.05))
    (fp_line (start -1.85 0.95) (end 1.85 0.95) (layer B.CrtYd) (width 0.05))
    (fp_line (start -1.85 -0.95) (end -1.85 0.95) (layer B.CrtYd) (width 0.05))
    (fp_line (start -0.261252 -0.71) (end 0.261252 -0.71) (layer B.SilkS) (width 0.12))
    (fp_line (start -0.261252 0.71) (end 0.261252 0.71) (layer B.SilkS) (width 0.12))
    (fp_line (start 1 -0.6) (end -1 -0.6) (layer B.Fab) (width 0.1))
    (fp_line (start 1 0.6) (end 1 -0.6) (layer B.Fab) (width 0.1))
    (fp_line (start -1 0.6) (end 1 0.6) (layer B.Fab) (width 0.1))
    (fp_line (start -1 -0.6) (end -1 0.6) (layer B.Fab) (width 0.1))
    (pad 2 smd roundrect (at 1.025 0 90) (size 1.15 1.4) (layers B.Cu B.Paste B.Mask) (roundrect_rratio 0.217391)
      (net 6 "Net-(R2-Pad2)"))
    (pad 1 smd roundrect (at -1.025 0 90) (size 1.15 1.4) (layers B.Cu B.Paste B.Mask) (roundrect_rratio 0.217391)
      (net 1 GND))
    (model ${KISYS3DMOD}/Resistor_SMD.3dshapes/R_0805_2012Metric.wrl
      (at (xyz 0 0 0))
      (scale (xyz 1 1 1))
      (rotate (xyz 0 0 0))
    )
  )

  (module Resistor_SMD:R_0805_2012Metric_Pad1.15x1.40mm_HandSolder (layer B.Cu) (tedit 5B36C52B) (tstamp 5C586941)
    (at 249.936 116.323 90)
    (descr "Resistor SMD 0805 (2012 Metric), square (rectangular) end terminal, IPC_7351 nominal with elongated pad for handsoldering. (Body size source: https://docs.google.com/spreadsheets/d/1BsfQQcO9C6DZCsRaXUlFlo91Tg2WpOkGARC1WS5S8t0/edit?usp=sharing), generated with kicad-footprint-generator")
    (tags "resistor handsolder")
    (path /5CC5BB0E)
    (attr smd)
    (fp_text reference R3 (at 0 2.032 90) (layer B.SilkS)
      (effects (font (size 1 1) (thickness 0.15)) (justify mirror))
    )
    (fp_text value 1K (at 0 -1.65 90) (layer B.Fab)
      (effects (font (size 1 1) (thickness 0.15)) (justify mirror))
    )
    (fp_text user %R (at 0 0 90) (layer B.Fab)
      (effects (font (size 0.5 0.5) (thickness 0.08)) (justify mirror))
    )
    (fp_line (start 1.85 -0.95) (end -1.85 -0.95) (layer B.CrtYd) (width 0.05))
    (fp_line (start 1.85 0.95) (end 1.85 -0.95) (layer B.CrtYd) (width 0.05))
    (fp_line (start -1.85 0.95) (end 1.85 0.95) (layer B.CrtYd) (width 0.05))
    (fp_line (start -1.85 -0.95) (end -1.85 0.95) (layer B.CrtYd) (width 0.05))
